0,0,0,0.0006806784082776795,0,0,0,0,undefined,undefined,0,0,0,0,0,0,0,0,1418227665028,0,0,0,0,0,0,0
0,0,0,0.0008028514559172971,0,0,0,0,undefined,undefined,0,0,0,0,0,0,0,0,1418227665028,0,0,0,0,0,0,0
0,0,0,0.0009424777960767016,0,0,0,0,undefined,undefined,0,0,0,0,0,0,0,0,1418227665028,0,0,0,0,0,0,0
0,0,0,0.0010646508437164304,0,0,0,0,undefined,undefined,0,0,0,0,0,0,0,0,1418227665028,0,0,0,0,0,0,0
0,0,0,0.0011519173063161416,0,0,0,0,undefined,undefined,0,0,0,0,0,0,0,0,1418227665028,0,0,0,0,0,0,0
0,0,0,0.0013264502315156748,0,0,0,0,undefined,undefined,0,0,0,0,0,0,0,0,1418227665355,0,0,0,0,0,0,0
0,0,0,0.0014137166941151638,0,0,0,0,undefined,undefined,0,0,0,0,0,0,0,0,1418227665417,0,0,0,0,0,0,0
0,0,0,0.0015184364492348836,0,0,0,0,undefined,undefined,0,0,0,0,0,0,0,0,1418227665484,0,0,0,0,0,0,0
0,0,0,0.0016057029118347057,0,0,0,0,undefined,undefined,0,0,0,0,0,0,0,0,1418227665552,0,0,0,0,0,0,0
0,0,0,0.0016057029118347057,0,0,0,0,undefined,undefined,0,0,0,0,0,0,0,0,1418227665629,0,0,0,0,0,0,0
0,0,0,0.0016406094968745013,0,0,0,0,undefined,undefined,0,0,0,0,0,0,0,0,1418227665688,0,0,0,0,0,0,0
0,0,0,0.0017104226669543145,0,0,0,0,undefined,undefined,0,0,0,0,0,0,0,0,1418227665743,0,0,0,0,0,0,0
0,0,0,0.0017802358370341278,0,0,0.599999122336504,0.001026253099780694,0.5,0.0017104226669543145,0.599999122336504,0.001026253099780694,0.5,-0.00006981317007981325,0.299999561168252,0.000513126549890347,0.4,-0.00006981317007981325,0,0,0,0,0,0,0,0
0,0,0,0.0018849555921536256,0,0,0.599999122336504,0.001026253099780694,0.5,0.0017104226669543145,0.599999122336504,0.001026253099780694,0.5,-0.00017453292519931107,0.299999561168252,0.000513126549890347,0.4,-0.0006812414177130102,0,0,0,0,0,0,0,0
0,0,0,0.0020594885173531585,0,0,0.599999122336504,0.001026253099780694,0.5,0.0017104226669543145,0.599999122336504,0.001026253099780694,0.5,-0.000349065850398844,0.299999561168252,0.000513126549890347,0.4,-0.0011190640498085478,0,0,0,0,0,0,0,0
0,0,0,0.0021467549799528696,0,0,0.599999122336504,0.001026253099780694,0.5,0.0017104226669543145,0.599999122336504,0.001026253099780694,0.5,-0.000436332312998555,0.299999561168252,0.000513126549890347,0.4,-0.0008453938564347006,0,0,0,0,0,0,0,0
0,0,0,0.0023387411976723005,0,0,0.599999122336504,0.001026253099780694,0.5,0.0017104226669543145,0.599999122336504,0.001026253099780694,0.5,-0.0006283185307179859,0.299999561168252,0.000513126549890347,0.4,-0.0015282539262778184,0,0,0,0,0,0,0,0
0,0,0,0.0026179938779913314,0,0,0.599999122336504,0.001026253099780694,0.5,0.0017104226669543145,0.599999122336504,0.001026253099780694,0.5,-0.0009075712110370169,0.299999561168252,0.000513126549890347,0.4,-0.0022165681500324746,0,0,0,0,0,0,0,0
0,0,0,0.002844886680750669,0,0,0.599999122336504,0.001026253099780694,0.5,0.0017104226669543145,0.599999122336504,0.001026253099780694,0.5,-0.0011344640137963544,0.299999561168252,0.000513126549890347,0.4,-0.0020071286397938064,0,0,0,0,0,0,0,0
0,0,0,0.0029845130209102955,0,0,0.599999122336504,0.001026253099780694,0.5,0.0017104226669543145,0.599999122336504,0.001026253099780694,0.5,-0.001274090353955981,0.299999561168252,0.000513126549890347,0.4,-0.002008965828480331,0,0,0,0,0,0,0,0
0,0,0,0.0031590459461096065,0,0,0.599999122336504,0.001026253099780694,0.5,0.0017104226669543145,0.599999122336504,0.001026253099780694,0.5,-0.001448623279155292,0.299999561168252,0.000513126549890347,0.4,-0.002306981927676494,0,0,0,0,0,0,0,0
0,0,0,0.003385938748868944,0,0,0.599999122336504,0.001026253099780694,0.5,0.0017104226669543145,0.599999122336504,0.001026253099780694,0.5,-0.0016755160819146295,0.299999561168252,0.000513126549890347,0.4,-0.0027227136331115717,0,0,0,0,0,0,0,0
0,0,0,0.0035604716740682556,0,0,0.599999122336504,0.001026253099780694,0.5,0.0017104226669543145,0.599999122336504,0.001026253099780694,0.5,-0.001850049007113941,0.299999561168252,0.000513126549890347,0.4,-0.0026681720939857136,0,0,0,0,0,0,0,0
0,0,0,0.0037350045992677887,0,0,0.599999122336504,0.001026253099780694,0.5,0.0017104226669543145,0.599999122336504,0.001026253099780694,0.5,-0.002024581932313474,0.299999561168252,0.000513126549890347,0.4,-0.002772580183168615,0,0,0,0,0,0,0,0
0,0,0,0.003944444109507117,0,0,0.599999122336504,0.001026253099780694,0.5,0.0017104226669543145,0.599999122336504,0.001026253099780694,0.5,-0.0022340214425528027,0.299999561168252,0.000513126549890347,0.4,-0.0032812189937494463,0,0,0,0,0,0,0,0
0,0,0,0.004136430327226437,0,0,0.599999122336504,0.001026253099780694,0.5,0.0017104226669543145,0.599999122336504,0.001026253099780694,0.5,-0.0024260076602721226,0.299999561168252,0.000513126549890347,0.4,-0.003298672286269031,0,0,0,0,0,0,0,0
0,0,0,0.004345869837465765,0,0,0.599999122336504,0.001026253099780694,0.5,0.0017104226669543145,0.599999122336504,0.001026253099780694,0.5,-0.0026354471705114504,0.299999561168252,0.000513126549890347,0.4,-0.0036020910639237326,0,0,0,0,0,0,0,0
0,0,0,0.004590215932744889,0,0,0.599999122336504,0.001026253099780694,0.5,0.0017104226669543145,0.599999122336504,0.001026253099780694,0.5,-0.0028797932657905747,0.299999561168252,0.000513126549890347,0.4,-0.003973880259577699,0,0,0,0,0,0,0,0
0,0,0,0.004852015320544133,0,0,0.599999122336504,0.001026253099780694,0.5,0.0017104226669543145,0.599999122336504,0.001026253099780694,0.5,-0.003141592653589819,0.299999561168252,0.000513126549890347,0.4,-0.004368777283898776,0,0,0,0,0,0,0,0
0,0,0,0.005044001538263453,0,0,0.599999122336504,0.001026253099780694,0.5,0.0017104226669543145,0.599999122336504,0.001026253099780694,0.5,-0.003333578871309139,0.299999561168252,0.000513126549890347,0.4,-0.0041932186521419145,0,0,0,0,0,0,0,0
0,0,0,0.005235987755982884,0,0,0.599999122336504,0.001026253099780694,0.5,0.0017104226669543145,0.599999122336504,0.001026253099780694,0.5,-0.0035255650890285697,0.299999561168252,0.000513126549890347,0.4,-0.004485496177625724,0,0,0,0,0,0,0,0
0,0,0,0.005445427266222214,0,0,0.599999122336504,0.001026253099780694,0.5,0.0017104226669543145,0.599999122336504,0.001026253099780694,0.5,-0.0037350045992678993,0.299999561168252,0.000513126549890347,0.4,-0.004645611165525854,0,0,0,0,0,0,0,0
0,0,0,0.005724679946541245,0,0,0.599999122336504,0.001026253099780694,0.5,0.0017104226669543145,0.599999122336504,0.001026253099780694,0.5,-0.00401425727958693,0.299999561168252,0.000513126549890347,0.4,-0.005365479926291918,0,0,0,0,0,0,0,0
0,0,0,0.005951572749300581,0,0,0.599999122336504,0.001026253099780694,0.5,0.0017104226669543145,0.599999122336504,0.001026253099780694,0.5,-0.004241150082346267,0.299999561168252,0.000513126549890347,0.4,-0.005272481003979615,0,0,0,0,0,0,0,0
0,0,0,0.006143558967019901,0,0,0.599999122336504,0.001026253099780694,0.5,0.0017104226669543145,0.599999122336504,0.001026253099780694,0.5,-0.004433136300065587,0.299999561168252,0.000513126549890347,0.4,-0.005333071695624899,0,0,0,0,0,0,0,0
0,0,0,0.006300638599699425,0,0,0.599999122336504,0.001026253099780694,0.5,0.0017104226669543145,0.599999122336504,0.001026253099780694,0.5,-0.004590215932745111,0.299999561168252,0.000513126549890347,0.4,-0.005326526710930381,0,0,0,0,0,0,0,0
0,0,0,0.006736970912697981,0,0,0.599999122336504,0.001026253099780694,0.5,0.0017104226669543145,0.599999122336504,0.001026253099780694,0.5,-0.005026548245743666,0.299999561168252,0.000513126549890347,0.4,-0.005829613852489473,0,0,0,0,0,0,0,0
0,0,0,0.006981317007977105,0,0,0.599999122336504,0.001026253099780694,0.5,0.0017104226669543145,0.599999122336504,0.001026253099780694,0.5,-0.005270894341022791,0.299999561168252,0.000513126549890347,0.4,-0.007252078897340015,0,0,0,0,0,0,0,0
0,0,0,0.007173303225696536,0,0,0.599999122336504,0.001026253099780694,0.5,0.0017104226669543145,0.599999122336504,0.001026253099780694,0.5,-0.005462880558742222,0.299999561168252,0.000513126549890347,0.4,-0.006407075072116472,0,0,0,0,0,0,0,0
0,0,0,0.007382742735935865,0,0,0.599999122336504,0.001026253099780694,0.5,0.0017104226669543145,0.599999122336504,0.001026253099780694,0.5,-0.00567232006898155,0.299999561168252,0.000513126549890347,0.4,-0.006638963962393837,0,0,0,0,0,0,0,0
0,0,0,0.007609635538695312,0,0,0.599999122336504,0.001026253099780694,0.5,0.0017104226669543145,0.599999122336504,0.001026253099780694,0.5,-0.005899212871740998,0.299999561168252,0.000513126549890347,0.4,-0.006946410422938449,0,0,0,0,0,0,0,0
0,0,0,0.007766715171374726,0,0,0.599999122336504,0.001026253099780694,0.5,0.0017104226669543145,0.599999122336504,0.001026253099780694,0.5,-0.006056292504420411,0.299999561168252,0.000513126549890347,0.4,-0.006792603282605161,0,0,0,0,0,0,0,0
0,0,0,0.007923794804054139,0,0,0.599999122336504,0.001026253099780694,0.5,0.0017104226669543145,0.599999122336504,0.001026253099780694,0.5,-0.0062133721370998245,0.299999561168252,0.000513126549890347,0.4,-0.006949682915284574,0,0,0,0,0,0,0,0
0,0,0,0.008133234314293357,0,0,0.599999122336504,0.001026253099780694,0.5,0.0017104226669543145,0.599999122336504,0.001026253099780694,0.5,-0.006422811647339042,0.299999561168252,0.000513126549890347,0.4,-0.007389455540750816,0,0,0,0,0,0,0,0
0,0,0,0.008360127117052805,0,0,0.599999122336504,0.001026253099780694,0.5,0.0017104226669543145,0.599999122336504,0.001026253099780694,0.5,-0.006649704450098491,0.299999561168252,0.000513126549890347,0.4,-0.007696902001295945,0,0,0,0,0,0,0,0
0,0,0,0.00849975345721232,0,0,0.599999122336504,0.001026253099780694,0.5,0.0017104226669543145,0.599999122336504,0.001026253099780694,0.5,-0.006789330790258006,0.299999561168252,0.000513126549890347,0.4,-0.007414523358136434,0,0,0,0,0,0,0,0
0,0,0,0.008656833089891734,0,0,0.599999122336504,0.001026253099780694,0.5,0.0017104226669543145,0.599999122336504,0.001026253099780694,0.5,-0.0069464104229374195,0.299999561168252,0.000513126549890347,0.4,-0.007629365347630521,0,0,0,0,0,0,0,0
0,0,0,0.008691739674931642,0,0,0.599999122336504,0.001026253099780694,0.5,0.0017104226669543145,0.599999122336504,0.001026253099780694,0.5,-0.006981317007977328,0.299999561168252,0.000513126549890347,0.4,-0.00715584993317687,0,0,0,0,0,0,0,0
0,0,0,0.008866272600131064,0,0,0.599999122336504,0.001026253099780694,0.5,0.0017104226669543145,0.599999122336504,0.001026253099780694,0.5,-0.00715584993317675,0.299999561168252,0.000513126549890347,0.4,-0.007973973020049041,0,0,0,0,0,0,0,0
0,0,0,0.008970992355250784,0,0,0.599999122336504,0.001026253099780694,0.5,0.0017104226669543145,0.599999122336504,0.001026253099780694,0.5,-0.00726056968829647,0.299999561168252,0.000513126549890347,0.4,-0.007743891635002869,0,0,0,0,0,0,0,0
0,0,0,0.009145525280450095,0,0,0.599999122336504,0.001026253099780694,0.5,0.0017104226669543145,0.599999122336504,0.001026253099780694,0.5,-0.007435102613495781,0.299999561168252,0.000513126549890347,0.4,-0.008240639191338755,0,0,0,0,0,0,0,0
0,0,0,0.009250245035569815,0,0,0.599999122336504,0.001026253099780694,0.5,0.0017104226669543145,0.599999122336504,0.001026253099780694,0.5,-0.007539822368615501,0.299999561168252,0.000513126549890347,0.4,-0.0080231443153219,0,0,0,0,0,0,0,0
0,0,0,0.009442231253289248,0,0,0.599999122336504,0.001026253099780694,0.5,0.0017104226669543145,0.599999122336504,0.001026253099780694,0.5,-0.0077318085863349335,0.299999561168252,0.000513126549890347,0.4,-0.008591448367168214,0,0,0,0,0,0,0,0
0,0,0,0.009581857593448874,0,0,0.599999122336504,0.001026253099780694,0.5,0.0017104226669543145,0.599999122336504,0.001026253099780694,0.5,-0.00787143492649456,0.299999561168252,0.000513126549890347,0.4,-0.008536322260588019,0,0,0,0,0,0,0,0
0,0,0,0.009773843811168083,0,0,0.599999122336504,0.001026253099780694,0.5,0.0017104226669543145,0.599999122336504,0.001026253099780694,0.5,-0.008063421144213769,0.299999561168252,0.000513126549890347,0.4,-0.008936085770210173,0,0,0,0,0,0,0,0
0,0,0,0.00991347015132771,0,0,0.599999122336504,0.001026253099780694,0.5,0.0017104226669543145,0.599999122336504,0.001026253099780694,0.5,-0.008203047484373395,0.299999561168252,0.000513126549890347,0.4,-0.008857545953871645,0,0,0,0,0,0,0,0
0,0,0,0.009965830028887514,0,0,0.599999122336504,0.001026253099780694,0.5,0.0017104226669543145,0.599999122336504,0.001026253099780694,0.5,-0.0082554073619332,0.299999561168252,0.000513126549890347,0.4,-0.008497068335286143,0,0,0,0,0,0,0,0
0,0,0,0.010070549784007123,0,0,0.599999122336504,0.001026253099780694,0.5,0.0017104226669543145,0.599999122336504,0.001026253099780694,0.5,-0.008360127117052809,0.299999561168252,0.000513126549890347,0.4,-0.008843449063758696,0,0,0,0,0,0,0,0
0,0,0,0.010245082709206545,0,0,0.599999122336504,0.001026253099780694,0.5,0.0017104226669543145,0.599999122336504,0.001026253099780694,0.5,-0.00853466004225223,0.299999561168252,0.000513126549890347,0.4,-0.009327991520431423,0,0,0,0,0,0,0,0
0,0,0,0.010332349171806367,0,0,0.599999122336504,0.001026253099780694,0.5,0.0017104226669543145,0.599999122336504,0.001026253099780694,0.5,-0.008621926504852053,0.299999561168252,0.000513126549890347,0.4,-0.009030988048288719,0,0,0,0,0,0,0,0
0,0,0,0.010471975511965883,0,0,0.599999122336504,0.001026253099780694,0.5,0.0017104226669543145,0.599999122336504,0.001026253099780694,0.5,-0.008761552845011568,0.299999561168252,0.000513126549890347,0.4,-0.009405982107286255,0,0,0,0,0,0,0,0
0,0,0,0.010716321607245007,0,0,0.599999122336504,0.001026253099780694,0.5,0.0017104226669543145,0.599999122336504,0.001026253099780694,0.5,-0.009005898940290693,0.299999561168252,0.000513126549890347,0.4,-0.0100838964194633,0,0,0,0,0,0,0,0
0,0,0,0.010925761117484445,0,0,0.599999122336504,0.001026253099780694,0.5,0.0017104226669543145,0.599999122336504,0.001026253099780694,0.5,-0.00921533845053013,0.299999561168252,0.000513126549890347,0.4,-0.010245368828756875,0,0,0,0,0,0,0,0
0,0,0,0.011047934165124063,0,0,0.599999122336504,0.001026253099780694,0.5,0.0017104226669543145,0.599999122336504,0.001026253099780694,0.5,-0.009337511498169748,0.299999561168252,0.000513126549890347,0.4,-0.00986869866182026,0,0,0,0,0,0,0,0
0,0,0,0.011100294042683756,0,0,0.599999122336504,0.001026253099780694,0.5,0.0017104226669543145,0.599999122336504,0.001026253099780694,0.5,-0.009389871375729442,0.299999561168252,0.000513126549890347,0.4,-0.009643225621986022,0,0,0,0,0,0,0,0
0,0,0,0.01117010721276357,0,0,0.599999122336504,0.001026253099780694,0.5,0.0017104226669543145,0.599999122336504,0.001026253099780694,0.5,-0.009459684545809255,0.299999561168252,0.000513126549890347,0.4,-0.009758883846151312,0,0,0,0,0,0,0,0
0,0,0,0.011205013797803476,0,0,0.599999122336504,0.001026253099780694,0.5,0.0017104226669543145,0.599999122336504,0.001026253099780694,0.5,-0.009494591130849162,0.299999561168252,0.000513126549890347,0.4,-0.009672082241221567,0,0,0,0,0,0,0,0
0,0,0,0.0113446401379631,0,0,0.599999122336504,0.001026253099780694,0.5,0.0017104226669543145,0.599999122336504,0.001026253099780694,0.5,-0.009634217471008786,0.299999561168252,0.000513126549890347,0.4,-0.010259410038887704,0,0,0,0,0,0,0,0
0,0,0,0.01144935989308271,0,0,0.599999122336504,0.001026253099780694,0.5,0.0017104226669543145,0.599999122336504,0.001026253099780694,0.5,-0.009738937226128395,0.299999561168252,0.000513126549890347,0.4,-0.010222259172834283,0,0,0,0,0,0,0,0
0,0,0,0.01164134611080203,0,0,0.599999122336504,0.001026253099780694,0.5,0.0017104226669543145,0.599999122336504,0.001026253099780694,0.5,-0.009930923443847715,0.299999561168252,0.000513126549890347,0.4,-0.010845143528225428,0,0,0,0,0,0,0,0
0,0,0,0.01183333232852146,0,0,0.599999122336504,0.001026253099780694,0.5,0.0017104226669543145,0.599999122336504,0.001026253099780694,0.5,-0.010122909661567146,0.299999561168252,0.000513126549890347,0.4,-0.01099557428756456,0,0,0,0,0,0,0,0
0,0,0,0.011955505376161078,0,0,0.599999122336504,0.001026253099780694,0.5,0.0017104226669543145,0.599999122336504,0.001026253099780694,0.5,-0.010245082709206764,0.299999561168252,0.000513126549890347,0.4,-0.010817768870017471,0,0,0,0,0,0,0,0
0,0,0,0.012095131716320704,0,0,0.599999122336504,0.001026253099780694,0.5,0.0017104226669543145,0.599999122336504,0.001026253099780694,0.5,-0.01038470904936639,0.299999561168252,0.000513126549890347,0.4,-0.01102913831164159,0,0,0,0,0,0,0,0
0,0,0,0.012199851471440202,0,0,0.599999122336504,0.001026253099780694,0.5,0.0017104226669543145,0.599999122336504,0.001026253099780694,0.5,-0.010489428804485888,0.299999561168252,0.000513126549890347,0.4,-0.010965427691392696,0,0,0,0,0,0,0,0
0,0,0,0.012356931104119725,0,0,0.599999122336504,0.001026253099780694,0.5,0.0017104226669543145,0.599999122336504,0.001026253099780694,0.5,-0.01064650843716541,0.299999561168252,0.000513126549890347,0.4,-0.011382819215350672,0,0,0,0,0,0,0,0
0,0,0,0.012461650859239445,0,0,0.599999122336504,0.001026253099780694,0.5,0.0017104226669543145,0.599999122336504,0.001026253099780694,0.5,-0.01075122819228513,0.299999561168252,0.000513126549890347,0.4,-0.01123455013899153,0,0,0,0,0,0,0,0
0,0,0,0.012653637076958654,0,0,0.599999122336504,0.001026253099780694,0.5,0.0017104226669543145,0.599999122336504,0.001026253099780694,0.5,-0.01094321441000434,0.299999561168252,0.000513126549890347,0.4,-0.01179021242935379,0,0,0,0,0,0,0,0
0,0,0,0.012775810124598382,0,0,0.599999122336504,0.001026253099780694,0.5,0.0017104226669543145,0.599999122336504,0.001026253099780694,0.5,-0.011065387457644068,0.299999561168252,0.000513126549890347,0.4,-0.01152353638629305,0,0,0,0,0,0,0,0
0,0,0,0.012950343049797804,0,0,0.599999122336504,0.001026253099780694,0.5,0.0017104226669543145,0.599999122336504,0.001026253099780694,0.5,-0.01123992038284349,0.299999561168252,0.000513126549890347,0.4,-0.012287117934040023,0,0,0,0,0,0,0,0
0,0,0,0.013142329267517124,0,0,0.599999122336504,0.001026253099780694,0.5,0.0017104226669543145,0.599999122336504,0.001026253099780694,0.5,-0.01143190660056281,0.299999561168252,0.000513126549890347,0.4,-0.012291546381395586,0,0,0,0,0,0,0,0
0,0,0,0.013281955607676752,0,0,0.599999122336504,0.001026253099780694,0.5,0.0017104226669543145,0.599999122336504,0.001026253099780694,0.5,-0.011571532940722438,0.299999561168252,0.000513126549890347,0.4,-0.012169931541406559,0,0,0,0,0,0,0,0
0,0,0,0.013473941825396183,0,0,0.599999122336504,0.001026253099780694,0.5,0.0017104226669543145,0.599999122336504,0.001026253099780694,0.5,-0.011763519158441869,0.299999561168252,0.000513126549890347,0.4,-0.012792016753367393,0,0,0,0,0,0,0,0
0,0,0,0.01361356816555559,0,0,0.599999122336504,0.001026253099780694,0.5,0.0017104226669543145,0.599999122336504,0.001026253099780694,0.5,-0.011903145498601275,0.299999561168252,0.000513126549890347,0.4,-0.012528338066479213,0,0,0,0,0,0,0,0
0,0,0,0.013735741213195207,0,0,0.599999122336504,0.001026253099780694,0.5,0.0017104226669543145,0.599999122336504,0.001026253099780694,0.5,-0.012025318546240893,0.299999561168252,0.000513126549890347,0.4,-0.012616478454174527,0,0,0,0,0,0,0,0
0,0,0,0.013980087308474332,0,0,0.599999122336504,0.001026253099780694,0.5,0.0017104226669543145,0.599999122336504,0.001026253099780694,0.5,-0.012269664641520017,0.299999561168252,0.000513126549890347,0.4,-0.013397415850500591,0,0,0,0,0,0,0,0
0,0,0,0.014154620233673865,0,0,0.599999122336504,0.001026253099780694,0.5,0.0017104226669543145,0.599999122336504,0.001026253099780694,0.5,-0.01244419756671955,0.299999561168252,0.000513126549890347,0.4,-0.013151763479690631,0,0,0,0,0,0,0,0
0,0,0,0.014329153158873289,0,0,0.599999122336504,0.001026253099780694,0.5,0.0017104226669543145,0.599999122336504,0.001026253099780694,0.5,-0.012618730491918974,0.299999561168252,0.000513126549890347,0.4,-0.013449839659535279,0,0,0,0,0,0,0,0
0,0,0,0.014468779499032693,0,0,0.599999122336504,0.001026253099780694,0.5,0.0017104226669543145,0.599999122336504,0.001026253099780694,0.5,-0.012758356832078379,0.299999561168252,0.000513126549890347,0.4,-0.013433968155430336,0,0,0,0,0,0,0,0
0,0,0,0.014573499254152413,0,0,0.599999122336504,0.001026253099780694,0.5,0.0017104226669543145,0.599999122336504,0.001026253099780694,0.5,-0.012863076587198099,0.299999561168252,0.000513126549890347,0.4,-0.013378091776311475,0,0,0,0,0,0,0,0
0,0,0,0.014678219009272133,0,0,0.599999122336504,0.001026253099780694,0.5,0.0017104226669543145,0.599999122336504,0.001026253099780694,0.5,-0.012967796342317818,0.299999561168252,0.000513126549890347,0.4,-0.013451118289024218,0,0,0,0,0,0,0,0
0,0,0,0.01481784534943176,0,0,0.599999122336504,0.001026253099780694,0.5,0.0017104226669543145,0.599999122336504,0.001026253099780694,0.5,-0.013107422682477445,0.299999561168252,0.000513126549890347,0.4,-0.013761921151975694,0,0,0,0,0,0,0,0
0,0,0,0.014922565104551368,0,0,0.599999122336504,0.001026253099780694,0.5,0.0017104226669543145,0.599999122336504,0.001026253099780694,0.5,-0.013212142437597054,0.299999561168252,0.000513126549890347,0.4,-0.013674141357242387,0,0,0,0,0,0,0,0
0,0,0,0.015132004614790697,0,0,0.599999122336504,0.001026253099780694,0.5,0.0017104226669543145,0.599999122336504,0.001026253099780694,0.5,-0.013421581947836382,0.299999561168252,0.000513126549890347,0.4,-0.014434998932865392,0,0,0,0,0,0,0,0
0,0,0,0.015323990832510128,0,0,0.599999122336504,0.001026253099780694,0.5,0.0017104226669543145,0.599999122336504,0.001026253099780694,0.5,-0.013613568165555813,0.299999561168252,0.000513126549890347,0.4,-0.014486232791553227,0,0,0,0,0,0,0,0
0,0,0,0.015481070465189652,0,0,0.599999122336504,0.001026253099780694,0.5,0.0017104226669543145,0.599999122336504,0.001026253099780694,0.5,-0.013770647798235338,0.299999561168252,0.000513126549890347,0.4,-0.014506958576420608,0,0,0,0,0,0,0,0
0,0,0,0.015690509975428868,0,0,0.599999122336504,0.001026253099780694,0.5,0.0017104226669543145,0.599999122336504,0.001026253099780694,0.5,-0.013980087308474554,0.299999561168252,0.000513126549890347,0.4,-0.014877685209499765,0,0,0,0,0,0,0,0
0,0,0,0.015795229730548477,0,0,0.599999122336504,0.001026253099780694,0.5,0.0017104226669543145,0.599999122336504,0.001026253099780694,0.5,-0.014084807063594162,0.299999561168252,0.000513126549890347,0.4,-0.014608405839192207,0,0,0,0,0,0,0,0
0,0,0,0.015899949485668197,0,0,0.599999122336504,0.001026253099780694,0.5,0.0017104226669543145,0.599999122336504,0.001026253099780694,0.5,-0.014189526818713882,0.299999561168252,0.000513126549890347,0.4,-0.0146655257056217,0,0,0,0,0,0,0,0
0,0,0,0.01605702911834761,0,0,0.599999122336504,0.001026253099780694,0.5,0.0017104226669543145,0.599999122336504,0.001026253099780694,0.5,-0.014346606451393296,0.299999561168252,0.000513126549890347,0.4,-0.015082917229578045,0,0,0,0,0,0,0,0
0,0,0,0.016231562043547143,0,0,0.599999122336504,0.001026253099780694,0.5,0.0017104226669543145,0.599999122336504,0.001026253099780694,0.5,-0.014521139376592829,0.299999561168252,0.000513126549890347,0.4,-0.015314470854772525,0,0,0,0,0,0,0,0
0,0,0,0.01644100155378647,0,0,0.599999122336504,0.001026253099780694,0.5,0.0017104226669543145,0.599999122336504,0.001026253099780694,0.5,-0.014730578886832154,0.299999561168252,0.000513126549890347,0.4,-0.01568257666064727,0,0,0,0,0,0,0,0
0,0,0,0.01659808118646588,0,0,0.599999122336504,0.001026253099780694,0.5,0.0017104226669543145,0.599999122336504,0.001026253099780694,0.5,-0.014887658519511567,0.299999561168252,0.000513126549890347,0.4,-0.015635656770365915,0,0,0,0,0,0,0,0
0,0,0,0.016737707526625508,0,0,0.599999122336504,0.001026253099780694,0.5,0.0017104226669543145,0.599999122336504,0.001026253099780694,0.5,-0.015027284859671194,0.299999561168252,0.000513126549890347,0.4,-0.01566195004221495,0,0,0,0,0,0,0,0
0,0,0,0.016842427281745117,0,0,0.599999122336504,0.001026253099780694,0.5,0.0017104226669543145,0.599999122336504,0.001026253099780694,0.5,-0.015132004614790803,0.299999561168252,0.000513126549890347,0.4,-0.01561532656149669,0,0,0,0,0,0,0,0
0,0,0,0.016877333866785024,0,0,0.599999122336504,0.001026253099780694,0.5,0.0017104226669543145,0.599999122336504,0.001026253099780694,0.5,-0.01516691119983071,0.299999561168252,0.000513126549890347,0.4,-0.01532320934180044,0,0,0,0,0,0,0,0
0,0,0,0.016947147036864837,0,0,0.599999122336504,0.001026253099780694,0.5,0.0017104226669543145,0.599999122336504,0.001026253099780694,0.5,-0.015236724369910522,0.299999561168252,0.000513126549890347,0.4,-0.015574530031587038,0,0,0,0,0,0,0,0
0,0,0,0.01706932008450434,0,0,0.599999122336504,0.001026253099780694,0.5,0.0017104226669543145,0.599999122336504,0.001026253099780694,0.5,-0.015358897417550026,0.299999561168252,0.000513126549890347,0.4,-0.01592277302204004,0,0,0,0,0,0,0,0
0,0,0,0.017226399717183864,0,0,0.599999122336504,0.001026253099780694,0.5,0.0017104226669543145,0.599999122336504,0.001026253099780694,0.5,-0.01551597705022955,0.299999561168252,0.000513126549890347,0.4,-0.016240959970288894,0,0,0,0,0,0,0,0
0,0,0,0.017278759594743672,0,0,0.599999122336504,0.001026253099780694,0.5,0.0017104226669543145,0.599999122336504,0.001026253099780694,0.5,-0.015568336927789358,0.299999561168252,0.000513126549890347,0.4,-0.01579933638761204,0,0,0,0,0,0,0,0
0,0,0,0.0174183859349033,0,0,0.599999122336504,0.001026253099780694,0.5,0.0017104226669543145,0.599999122336504,0.001026253099780694,0.5,-0.015707963267948984,0.299999561168252,0.000513126549890347,0.4,-0.016372850602042445,0,0,0,0,0,0,0,0
0,0,0,0.01754055898254292,0,0,0.599999122336504,0.001026253099780694,0.5,0.0017104226669543145,0.599999122336504,0.001026253099780694,0.5,-0.015830136315588605,0.299999561168252,0.000513126549890347,0.4,-0.01640282247639933,0,0,0,0,0,0,0,0
0,0,0,0.017784905077822044,0,0,0.599999122336504,0.001026253099780694,0.5,0.0017104226669543145,0.599999122336504,0.001026253099780694,0.5,-0.01607448241086773,0.299999561168252,0.000513126549890347,0.4,-0.017185146480318294,0,0,0,0,0,0,0,0
0,0,0,0.01801179788058138,0,0,0.599999122336504,0.001026253099780694,0.5,0.0017104226669543145,0.599999122336504,0.001026253099780694,0.5,-0.016301375213627067,0.299999561168252,0.000513126549890347,0.4,-0.017364935226561462,0,0,0,0,0,0,0,0
0,0,0,0.018256143975860617,0,0,0.599999122336504,0.001026253099780694,0.5,0.0017104226669543145,0.599999122336504,0.001026253099780694,0.5,-0.016545721308906303,0.299999561168252,0.000513126549890347,0.4,-0.01767347251788739,0,0,0,0,0,0,0,0
0,0,0,0.018552849948699657,0,0,0.599999122336504,0.001026253099780694,0.5,0.0017104226669543145,0.599999122336504,0.001026253099780694,0.5,-0.016842427281745342,0.299999561168252,0.000513126549890347,0.4,-0.018170961488487312,0,0,0,0,0,0,0,0
0,0,0,0.01872738287389919,0,0,0.599999122336504,0.001026253099780694,0.5,0.0017104226669543145,0.599999122336504,0.001026253099780694,0.5,-0.017016960206944876,0.299999561168252,0.000513126549890347,0.4,-0.017835083293817687,0,0,0,0,0,0,0,0
0,0,0,0.018849555921538697,0,0,0.599999122336504,0.001026253099780694,0.5,0.0017104226669543145,0.599999122336504,0.001026253099780694,0.5,-0.017139133254584382,0.299999561168252,0.000513126549890347,0.4,-0.01771181941539457,0,0,0,0,0,0,0,0
0,0,0,0.019146261894377625,0,0,0.599999122336504,0.001026253099780694,0.5,0.0017104226669543145,0.599999122336504,0.001026253099780694,0.5,-0.01743583922742331,0.299999561168252,0.000513126549890347,0.4,-0.018784502740327533,0,0,0,0,0,0,0,0
0,0,0,0.019268434942017246,0,0,0.599999122336504,0.001026253099780694,0.5,0.0017104226669543145,0.599999122336504,0.001026253099780694,0.5,-0.017558012275062932,0.299999561168252,0.000513126549890347,0.4,-0.01813978869239446,0,0,0,0,0,0,0,0
0,0,0,0.019460421159736677,0,0,0.599999122336504,0.001026253099780694,0.5,0.0017104226669543145,0.599999122336504,0.001026253099780694,0.5,-0.017749998492782363,0.299999561168252,0.000513126549890347,0.4,-0.018609638273615635,0,0,0,0,0,0,0,0
0,0,0,0.01963495408493621,0,0,0.599999122336504,0.001026253099780694,0.5,0.0017104226669543145,0.599999122336504,0.001026253099780694,0.5,-0.017924531417981896,0.299999561168252,0.000513126549890347,0.4,-0.01875564058559872,0,0,0,0,0,0,0,0
0,0,0,0.019861846887695326,0,0,0.599999122336504,0.001026253099780694,0.5,0.0017104226669543145,0.599999122336504,0.001026253099780694,0.5,-0.01815142422074101,0.299999561168252,0.000513126549890347,0.4,-0.01919862177193693,0,0,0,0,0,0,0,0
0,0,0,0.020176006153054264,0,0,0.599999122336504,0.001026253099780694,0.5,0.0017104226669543145,0.599999122336504,0.001026253099780694,0.5,-0.01846558348609995,0.299999561168252,0.000513126549890347,0.4,-0.019872266763826536,0,0,0,0,0,0,0,0
0,0,0,0.020437805540853508,0,0,0.599999122336504,0.001026253099780694,0.5,0.0017104226669543145,0.599999122336504,0.001026253099780694,0.5,-0.018727382873899193,0.299999561168252,0.000513126549890347,0.4,-0.01995456750420815,0,0,0,0,0,0,0,0
0,0,0,0.02061233846605282,0,0,0.599999122336504,0.001026253099780694,0.5,0.0017104226669543145,0.599999122336504,0.001026253099780694,0.5,-0.018901915799098504,0.299999561168252,0.000513126549890347,0.4,-0.01970745237694148,0,0,0,0,0,0,0,0
0,0,0,0.020874137853852066,0,0,0.599999122336504,0.001026253099780694,0.5,0.0017104226669543145,0.599999122336504,0.001026253099780694,0.5,-0.019163715186897752,0.299999561168252,0.000513126549890347,0.4,-0.02025454596939462,0,0,0,0,0,0,0,0
0,0,0,0.021101030656611404,0,0,0.599999122336504,0.001026253099780694,0.5,0.0017104226669543145,0.599999122336504,0.001026253099780694,0.5,-0.01939060798965709,0.299999561168252,0.000513126549890347,0.4,-0.020584780635758866,0,0,0,0,0,0,0,0
0,0,0,0.021380283336930435,0,0,0.599999122336504,0.001026253099780694,0.5,0.0017104226669543145,0.599999122336504,0.001026253099780694,0.5,-0.01966986066997612,0.299999561168252,0.000513126549890347,0.4,-0.020362222687296032,0,0,0,0,0,0,0,0
0,0,0,0.021659536017249466,0,0,0.599999122336504,0.001026253099780694,0.5,0.0017104226669543145,0.599999122336504,0.001026253099780694,0.5,-0.01994911335029515,0.299999561168252,0.000513126549890347,0.4,-0.022413107588404247,0,0,0,0,0,0,0,0
0,0,0,0.021868975527488906,0,0,0.599999122336504,0.001026253099780694,0.5,0.0017104226669543145,0.599999122336504,0.001026253099780694,0.5,-0.02015855286053459,0.299999561168252,0.000513126549890347,0.4,-0.021691037081798783,0,0,0,0,0,0,0,0
0,0,0,0.022113321622767915,0,0,0.599999122336504,0.001026253099780694,0.5,0.0017104226669543145,0.599999122336504,0.001026253099780694,0.5,-0.0204028989558136,0.299999561168252,0.000513126549890347,0.4,-0.021265296939151284,0,0,0,0,0,0,0,0
0,0,0,0.02227040125544744,0,0,0.599999122336504,0.001026253099780694,0.5,0.0017104226669543145,0.599999122336504,0.001026253099780694,0.5,-0.020559978588493125,0.299999561168252,0.000513126549890347,0.4,-0.021630976084035337,0,0,0,0,0,0,0,0
0,0,0,0.022532200643246684,0,0,0.599999122336504,0.001026253099780694,0.5,0.0017104226669543145,0.599999122336504,0.001026253099780694,0.5,-0.02082177797629237,0.299999561168252,0.000513126549890347,0.4,-0.022030082843058112,0,0,0,0,0,0,0,0
0,0,0,0.022706733568445995,0,0,0.599999122336504,0.001026253099780694,0.5,0.0017104226669543145,0.599999122336504,0.001026253099780694,0.5,-0.02099631090149168,0.299999561168252,0.000513126549890347,0.4,-0.021801847479334655,0,0,0,0,0,0,0,0
0,0,0,0.022881266493645528,0,0,0.599999122336504,0.001026253099780694,0.5,0.0017104226669543145,0.599999122336504,0.001026253099780694,0.5,-0.021170843826691214,0.299999561168252,0.000513126549890347,0.4,-0.02197638040453521,0,0,0,0,0,0,0,0
0,0,0,0.023090706003884968,0,0,0.599999122336504,0.001026253099780694,0.5,0.0017104226669543145,0.599999122336504,0.001026253099780694,0.5,-0.021380283336930653,0.299999561168252,0.000513126549890347,0.4,-0.022362031041178027,0,0,0,0,0,0,0,0
0,0,0,0.023317598806644087,0,0,0.599999122336504,0.001026253099780694,0.5,0.0017104226669543145,0.599999122336504,0.001026253099780694,0.5,-0.021607176139689772,0.299999561168252,0.000513126549890347,0.4,-0.022654373690885705,0,0,0,0,0,0,0,0
0,0,0,0.023544491609403424,0,0,0.599999122336504,0.001026253099780694,0.5,0.0017104226669543145,0.599999122336504,0.001026253099780694,0.5,-0.02183406894244911,0.299999561168252,0.000513126549890347,0.4,-0.022881266493646052,0,0,0,0,0,0,0,0
0,0,0,0.023701571242082834,0,0,0.599999122336504,0.001026253099780694,0.5,0.0017104226669543145,0.599999122336504,0.001026253099780694,0.5,-0.02199114857512852,0.299999561168252,0.000513126549890347,0.4,-0.022705146905489474,0,0,0,0,0,0,0,0
0,0,0,0.02392846404484217,0,0,0.599999122336504,0.001026253099780694,0.5,0.0017104226669543145,0.599999122336504,0.001026253099780694,0.5,-0.022218041377887857,0.299999561168252,0.000513126549890347,0.4,-0.0232652389290848,0,0,0,0,0,0,0,0
0,0,0,0.02415535684760151,0,0,0.599999122336504,0.001026253099780694,0.5,0.0017104226669543145,0.599999122336504,0.001026253099780694,0.5,-0.022444934180647195,0.299999561168252,0.000513126549890347,0.4,-0.02350849419358159,0,0,0,0,0,0,0,0
0,0,0,0.02431243648028081,0,0,0.599999122336504,0.001026253099780694,0.5,0.0017104226669543145,0.599999122336504,0.001026253099780694,0.5,-0.022602013813326497,0.299999561168252,0.000513126549890347,0.4,-0.023326996733384814,0,0,0,0,0,0,0,0
0,0,0,0.024452062820440438,0,0,0.599999122336504,0.001026253099780694,0.5,0.0017104226669543145,0.599999122336504,0.001026253099780694,0.5,-0.022741640153486124,0.299999561168252,0.000513126549890347,0.4,-0.023386069415761324,0,0,0,0,0,0,0,0
0,0,0,0.024486969405480345,0,0,0.599999122336504,0.001026253099780694,0.5,0.0017104226669543145,0.599999122336504,0.001026253099780694,0.5,-0.02277654673852603,0.299999561168252,0.000513126549890347,0.4,-0.02293765405409483,0,0,0,0,0,0,0,0
0,0,0,0.024504422698000242,0,0,0.599999122336504,0.001026253099780694,0.5,0.0017104226669543145,0.599999122336504,0.001026253099780694,0.5,-0.022794000031045928,0.299999561168252,0.000513126549890347,0.4,-0.02287455368883007,0,0,0,0,0,0,0,0
0,0,0,0.024591689160600064,0,0,0.599999122336504,0.001026253099780694,0.5,0.0017104226669543145,0.599999122336504,0.001026253099780694,0.5,-0.02288126649364575,0.299999561168252,0.000513126549890347,0.4,-0.02327793223273585,0,0,0,0,0,0,0,0
0,0,0,0.024713862208239575,0,0,0.599999122336504,0.001026253099780694,0.5,0.0017104226669543145,0.599999122336504,0.001026253099780694,0.5,-0.02300343954128526,0.299999561168252,0.000513126549890347,0.4,-0.02347943842819244,0,0,0,0,0,0,0,0
0,0,0,0.02476622208579938,0,0,0.599999122336504,0.001026253099780694,0.5,0.0017104226669543145,0.599999122336504,0.001026253099780694,0.5,-0.023055799418845065,0.299999561168252,0.000513126549890347,0.4,-0.02335217608427792,0,0,0,0,0,0,0,0
0,0,0,0.02476622208579938,0,0,0.599999122336504,0.001026253099780694,0.5,0.0017104226669543145,0.599999122336504,0.001026253099780694,0.5,-0.023055799418845065,0.299999561168252,0.000513126549890347,0.4,-0.023055799418845065,0,0,0,0,0,0,0,0
0,0,0,0.0248534885483992,0,0,0.599999122336504,0.001026253099780694,0.5,0.0017104226669543145,0.599999122336504,0.001026253099780694,0.5,-0.023143065881444887,0.299999561168252,0.000513126549890347,0.4,-0.023552127424881553,0,0,0,0,0,0,0,0
0,0,0,0.025010568181078725,0,0,0.599999122336504,0.001026253099780694,0.5,0.0017104226669543145,0.599999122336504,0.001026253099780694,0.5,-0.02330014551412441,0.299999561168252,0.000513126549890347,0.4,-0.024025128434183755,0,0,0,0,0,0,0,0
0,0,0,0.025220007691318054,0,0,0.599999122336504,0.001026253099780694,0.5,0.0017104226669543145,0.599999122336504,0.001026253099780694,0.5,-0.02350958502436374,0.299999561168252,0.000513126549890347,0.4,-0.024476228917776024,0,0,0,0,0,0,0,0
0,0,0,0.02534218073895756,0,0,0.599999122336504,0.001026253099780694,0.5,0.0017104226669543145,0.599999122336504,0.001026253099780694,0.5,-0.023631758072003246,0.299999561168252,0.000513126549890347,0.4,-0.024187090106728277,0,0,0,0,0,0,0,0
0,0,0,0.025569073541716676,0,0,0.599999122336504,0.001026253099780694,0.5,0.0017104226669543145,0.599999122336504,0.001026253099780694,0.5,-0.023858650874762362,0.299999561168252,0.000513126549890347,0.4,-0.024922210887695716,0,0,0,0,0,0,0,0
0,0,0,0.02574360646691621,0,0,0.599999122336504,0.001026253099780694,0.5,0.0017104226669543145,0.599999122336504,0.001026253099780694,0.5,-0.024033183799961895,0.299999561168252,0.000513126549890347,0.4,-0.024838720377805892,0,0,0,0,0,0,0,0
0,0,0,0.025953045977155535,0,0,0.599999122336504,0.001026253099780694,0.5,0.0017104226669543145,0.599999122336504,0.001026253099780694,0.5,-0.02424262331020122,0.299999561168252,0.000513126549890347,0.4,-0.025194621084016336,0,0,0,0,0,0,0,0
0,0,0,0.026267205242514472,0,0,0.599999122336504,0.001026253099780694,0.5,0.0017104226669543145,0.599999122336504,0.001026253099780694,0.5,-0.024556782575560158,0.299999561168252,0.000513126549890347,0.4,-0.02594277933449665,0,0,0,0,0,0,0,0
0,0,0,0.026441738167714005,0,0,0.599999122336504,0.001026253099780694,0.5,0.0017104226669543145,0.599999122336504,0.001026253099780694,0.5,-0.02473131550075969,0.299999561168252,0.000513126549890347,0.4,-0.02557582965495098,0,0,0,0,0,0,0,0
0,0,0,0.026651177677953334,0,0,0.599999122336504,0.001026253099780694,0.5,0.0017104226669543145,0.599999122336504,0.001026253099780694,0.5,-0.02494075501099902,0.299999561168252,0.000513126549890347,0.4,-0.025907398904411304,0,0,0,0,0,0,0,0
0,0,0,0.02689552377323246,0,0,0.599999122336504,0.001026253099780694,0.5,0.0017104226669543145,0.599999122336504,0.001026253099780694,0.5,-0.025185101106278144,0.299999561168252,0.000513126549890347,0.4,-0.02633047342789904,0,0,0,0,0,0,0,0
0,0,0,0.027209683038591396,0,0,0.599999122336504,0.001026253099780694,0.5,0.0017104226669543145,0.599999122336504,0.001026253099780694,0.5,-0.02549926037163708,0.299999561168252,0.000513126549890347,0.4,-0.02690594364936367,0,0,0,0,0,0,0,0
0,0,0,0.027471482426390637,0,0,0.599999122336504,0.001026253099780694,0.5,0.0017104226669543145,0.599999122336504,0.001026253099780694,0.5,-0.025761059759436322,0.299999561168252,0.000513126549890347,0.4,-0.026988244389745262,0,0,0,0,0,0,0,0
0,0,0,0.02761110876655004,0,0,0.599999122336504,0.001026253099780694,0.5,0.0017104226669543145,0.599999122336504,0.001026253099780694,0.5,-0.025900686099595727,0.299999561168252,0.000513126549890347,0.4,-0.02656557343368813,0,0,0,0,0,0,0,0
0,0,0,0.02782054827678937,0,0,0.599999122336504,0.001026253099780694,0.5,0.0017104226669543145,0.599999122336504,0.001026253099780694,0.5,-0.026110125609835055,0.299999561168252,0.000513126549890347,0.4,-0.027062123383650185,0,0,0,0,0,0,0,0
0,0,0,0.028064894372068716,0,0,0.599999122336504,0.001026253099780694,0.5,0.0017104226669543145,0.599999122336504,0.001026253099780694,0.5,-0.026354471705114402,0.299999561168252,0.000513126549890347,0.4,-0.027499844026736338,0,0,0,0,0,0,0,0
0,0,0,0.02822197400474813,0,0,0.599999122336504,0.001026253099780694,0.5,0.0017104226669543145,0.599999122336504,0.001026253099780694,0.5,-0.026511551337793815,0.299999561168252,0.000513126549890347,0.4,-0.027236534257852645,0,0,0,0,0,0,0,0
0,0,0,0.02841396022246756,0,0,0.599999122336504,0.001026253099780694,0.5,0.0017104226669543145,0.599999122336504,0.001026253099780694,0.5,-0.026703537555513246,0.299999561168252,0.000513126549890347,0.4,-0.027563177336346518,0,0,0,0,0,0,0,0
0,0,0,0.028640853025226898,0,0,0.599999122336504,0.001026253099780694,0.5,0.0017104226669543145,0.599999122336504,0.001026253099780694,0.5,-0.026930430358272583,0.299999561168252,0.000513126549890347,0.4,-0.027993990371206978,0,0,0,0,0,0,0,0
0,0,0,0.02892010570554593,0,0,0.599999122336504,0.001026253099780694,0.5,0.0017104226669543145,0.599999122336504,0.001026253099780694,0.5,-0.027209683038591614,0.299999561168252,0.000513126549890347,0.4,-0.028498541563140987,0,0,0,0,0,0,0,0
0,0,0,0.02911209192326536,0,0,0.599999122336504,0.001026253099780694,0.5,0.0017104226669543145,0.599999122336504,0.001026253099780694,0.5,-0.027401669256311045,0.299999561168252,0.000513126549890347,0.4,-0.028261309037144317,0,0,0,0,0,0,0,0
0,0,0,0.029338984726024586,0,0,0.599999122336504,0.001026253099780694,0.5,0.0017104226669543145,0.599999122336504,0.001026253099780694,0.5,-0.027628562059070272,0.299999561168252,0.000513126549890347,0.4,-0.028726430459518143,0,0,0,0,0,0,0,0
0,0,0,0.029600784113823716,0,0,0.599999122336504,0.001026253099780694,0.5,0.0017104226669543145,0.599999122336504,0.001026253099780694,0.5,-0.0278903614468694,0.299999561168252,0.000513126549890347,0.4,-0.029028619654691706,0,0,0,0,0,0,0,0
0,0,0,0.029880036794142747,0,0,0.599999122336504,0.001026253099780694,0.5,0.0017104226669543145,0.599999122336504,0.001026253099780694,0.5,-0.028169614127188432,0.299999561168252,0.000513126549890347,0.4,-0.02954298796482301,0,0,0,0,0,0,0,0
0,0,0,0.03014183618194199,0,0,0.599999122336504,0.001026253099780694,0.5,0.0017104226669543145,0.599999122336504,0.001026253099780694,0.5,-0.028431413514987677,0.299999561168252,0.000513126549890347,0.4,-0.029522244297484526,0,0,0,0,0,0,0,0
0,0,0,0.030351275692181205,0,0,0.599999122336504,0.001026253099780694,0.5,0.0017104226669543145,0.599999122336504,0.001026253099780694,0.5,-0.02864085302522689,0.299999561168252,0.000513126549890347,0.4,-0.029724160836809035,0,0,0,0,0,0,0,0
0,0,0,0.030560715202420645,0,0,0.599999122336504,0.001026253099780694,0.5,0.0017104226669543145,0.599999122336504,0.001026253099780694,0.5,-0.02885029253546633,0.299999561168252,0.000513126549890347,0.4,-0.029802290309281967,0,0,0,0,0,0,0,0
0,0,0,0.030752701420140076,0,0,0.599999122336504,0.001026253099780694,0.5,0.0017104226669543145,0.599999122336504,0.001026253099780694,0.5,-0.02904227875318576,0.299999561168252,0.000513126549890347,0.4,-0.029877001438922416,0,0,0,0,0,0,0,0
0,0,0,0.030927234345339387,0,0,0.599999122336504,0.001026253099780694,0.5,0.0017104226669543145,0.599999122336504,0.001026253099780694,0.5,-0.029216811678385073,0.299999561168252,0.000513126549890347,0.4,-0.03004792084600084,0,0,0,0,0,0,0,0
0,0,0,0.031154127148098724,0,0,0.599999122336504,0.001026253099780694,0.5,0.0017104226669543145,0.599999122336504,0.001026253099780694,0.5,-0.02944370448114441,0.299999561168252,0.000513126549890347,0.4,-0.030490902032341352,0,0,0,0,0,0,0,0
0,0,0,0.03136356665833794,0,0,0.599999122336504,0.001026253099780694,0.5,0.0017104226669543145,0.599999122336504,0.001026253099780694,0.5,-0.029653143991383628,0.299999561168252,0.000513126549890347,0.4,-0.030577141830674295,0,0,0,0,0,0,0,0
0,0,0,0.03146828641345766,0,0,0.599999122336504,0.001026253099780694,0.5,0.0017104226669543145,0.599999122336504,0.001026253099780694,0.5,-0.029757863746503348,0.299999561168252,0.000513126549890347,0.4,-0.030226758172412542,0,0,0,0,0,0,0,0
0,0,0,0.03167772592369699,0,0,0.599999122336504,0.001026253099780694,0.5,0.0017104226669543145,0.599999122336504,0.001026253099780694,0.5,-0.029967303256742676,0.299999561168252,0.000513126549890347,0.4,-0.031069616468528616,0,0,0,0,0,0,0,0
0,0,0,0.031817352263856506,0,0,0.599999122336504,0.001026253099780694,0.5,0.0017104226669543145,0.599999122336504,0.001026253099780694,0.5,-0.030106929596902192,0.299999561168252,0.000513126549890347,0.4,-0.03075135885917688,0,0,0,0,0,0,0,0
0,0,0,0.032009338481575826,0,0,0.599999122336504,0.001026253099780694,0.5,0.0017104226669543145,0.599999122336504,0.001026253099780694,0.5,-0.030298915814621512,0.299999561168252,0.000513126549890347,0.4,-0.031185006050249143,0,0,0,0,0,0,0,0
0,0,0,0.03218387140677536,0,0,0.599999122336504,0.001026253099780694,0.5,0.0017104226669543145,0.599999122336504,0.001026253099780694,0.5,-0.030473448739821045,0.299999561168252,0.000513126549890347,0.4,-0.031291571826693856,0,0,0,0,0,0,0,0
0,0,0,0.03244567079457438,0,0,0.599999122336504,0.001026253099780694,0.5,0.0017104226669543145,0.599999122336504,0.001026253099780694,0.5,-0.030735248127620067,0.299999561168252,0.000513126549890347,0.4,-0.03192524534488835,0,0,0,0,0,0,0,0
0,0,0,0.03274237676741342,0,0,0.599999122336504,0.001026253099780694,0.5,0.0017104226669543145,0.599999122336504,0.001026253099780694,0.5,-0.031031954100459107,0.299999561168252,0.000513126549890347,0.4,-0.03240136628279314,0,0,0,0,0,0,0,0
0,0,0,0.03291690969261284,0,0,0.599999122336504,0.001026253099780694,0.5,0.0017104226669543145,0.599999122336504,0.001026253099780694,0.5,-0.03120648702565853,0.299999561168252,0.000513126549890347,0.4,-0.03202461011253082,0,0,0,0,0,0,0,0
0,0,0,0.03312634920285228,0,0,0.599999122336504,0.001026253099780694,0.5,0.0017104226669543145,0.599999122336504,0.001026253099780694,0.5,-0.03141592653589797,0.299999561168252,0.000513126549890347,0.4,-0.0323679243097136,0,0,0,0,0,0,0,0
0,0,0,0.0333357887130915,0,0,0.599999122336504,0.001026253099780694,0.5,0.0017104226669543145,0.599999122336504,0.001026253099780694,0.5,-0.031625366046137186,0.299999561168252,0.000513126549890347,0.4,-0.03259200993954896,0,0,0,0,0,0,0,0
0,0,0,0.03344050846821123,0,0,0.599999122336504,0.001026253099780694,0.5,0.0017104226669543145,0.599999122336504,0.001026253099780694,0.5,-0.03173008580125691,0.299999561168252,0.000513126549890347,0.4,-0.032220959653380635,0,0,0,0,0,0,0,0
0,0,0,0.03359758810089075,0,0,0.599999122336504,0.001026253099780694,0.5,0.0017104226669543145,0.599999122336504,0.001026253099780694,0.5,-0.03188716543393644,0.299999561168252,0.000513126549890347,0.4,-0.03260116376429791,0,0,0,0,0,0,0,0
0,0,0,0.03380702761112997,0,0,0.599999122336504,0.001026253099780694,0.5,0.0017104226669543145,0.599999122336504,0.001026253099780694,0.5,-0.032096604944175655,0.299999561168252,0.000513126549890347,0.4,-0.03304860271799028,0,0,0,0,0,0,0,0
0,0,0,0.033964107243809494,0,0,0.599999122336504,0.001026253099780694,0.5,0.0017104226669543145,0.599999122336504,0.001026253099780694,0.5,-0.03225368457685518,0.299999561168252,0.000513126549890347,0.4,-0.03298999535504045,0,0,0,0,0,0,0,0
0,0,0,0.034156093461528925,0,0,0.599999122336504,0.001026253099780694,0.5,0.0017104226669543145,0.599999122336504,0.001026253099780694,0.5,-0.03244567079457461,0.299999561168252,0.000513126549890347,0.4,-0.03334560619013444,0,0,0,0,0,0,0,0
0,0,0,0.03429571980168855,0,0,0.599999122336504,0.001026253099780694,0.5,0.0017104226669543145,0.599999122336504,0.001026253099780694,0.5,-0.03258529713473424,0.299999561168252,0.000513126549890347,0.4,-0.03322972639700943,0,0,0,0,0,0,0,0
0,0,0,0.03443534614184795,0,0,0.599999122336504,0.001026253099780694,0.5,0.0017104226669543145,0.599999122336504,0.001026253099780694,0.5,-0.032724923474893634,0.299999561168252,0.000513126549890347,0.4,-0.033369352737167776,0,0,0,0,0,0,0,0
0,0,0,0.03459242577452747,0,0,0.599999122336504,0.001026253099780694,0.5,0.0017104226669543145,0.599999122336504,0.001026253099780694,0.5,-0.03288200310757316,0.299999561168252,0.000513126549890347,0.4,-0.03357500148704165,0,0,0,0,0,0,0,0
0,0,0,0.034662238944607286,0,0,0.599999122336504,0.001026253099780694,0.5,0.0017104226669543145,0.599999122336504,0.001026253099780694,0.5,-0.03295181627765297,0.299999561168252,0.000513126549890347,0.4,-0.033284259944699704,0,0,0,0,0,0,0,0
0,0,0,0.03480186528476691,0,0,0.599999122336504,0.001026253099780694,0.5,0.0017104226669543145,0.599999122336504,0.001026253099780694,0.5,-0.0330914426178126,0.299999561168252,0.000513126549890347,0.4,-0.03374594108731085,0,0,0,0,0,0,0,0
0,0,0,0.03501130479500613,0,0,0.599999122336504,0.001026253099780694,0.5,0.0017104226669543145,0.599999122336504,0.001026253099780694,0.5,-0.033300882128051816,0.299999561168252,0.000513126549890347,0.4,-0.03426752602146359,0,0,0,0,0,0,0,0
0,0,0,0.03513347784264575,0,0,0.599999122336504,0.001026253099780694,0.5,0.0017104226669543145,0.599999122336504,0.001026253099780694,0.5,-0.033423055175691434,0.299999561168252,0.000513126549890347,0.4,-0.03398693078018198,0,0,0,0,0,0,0,0
0,0,0,0.03529055747532516,0,0,0.599999122336504,0.001026253099780694,0.5,0.0017104226669543145,0.599999122336504,0.001026253099780694,0.5,-0.03358013480837085,0.299999561168252,0.000513126549890347,0.4,-0.034294133138731815,0,0,0,0,0,0,0,0
0,0,0,0.03548254369304459,0,0,0.599999122336504,0.001026253099780694,0.5,0.0017104226669543145,0.599999122336504,0.001026253099780694,0.5,-0.03377212102609028,0.299999561168252,0.000513126549890347,0.4,-0.03465821126171842,0,0,0,0,0,0,0,0
0,0,0,0.035657076618244125,0,0,0.599999122336504,0.001026253099780694,0.5,0.0017104226669543145,0.599999122336504,0.001026253099780694,0.5,-0.03394665395128981,0.299999561168252,0.000513126549890347,0.4,-0.03476477703816262,0,0,0,0,0,0,0,0
0,0,0,0.03590142271352314,0,0,0.599999122336504,0.001026253099780694,0.5,0.0017104226669543145,0.599999122336504,0.001026253099780694,0.5,-0.034191000046568824,0.299999561168252,0.000513126549890347,0.4,-0.0353363723681892,0,0,0,0,0,0,0,0
0,0,0,0.03605850234620266,0,0,0.599999122336504,0.001026253099780694,0.5,0.0017104226669543145,0.599999122336504,0.001026253099780694,0.5,-0.03434807967924835,0.299999561168252,0.000513126549890347,0.4,-0.03506207800960982,0,0,0,0,0,0,0,0
0,0,0,0.0363028484414819,0,0,0.599999122336504,0.001026253099780694,0.5,0.0017104226669543145,0.599999122336504,0.001026253099780694,0.5,-0.034592425774527584,0.299999561168252,0.000513126549890347,0.4,-0.03570308984397865,0,0,0,0,0,0,0,0
0,0,0,0.03652974124424113,0,0,0.599999122336504,0.001026253099780694,0.5,0.0017104226669543145,0.599999122336504,0.001026253099780694,0.5,-0.03481931857728682,0.299999561168252,0.000513126549890347,0.4,-0.03589976049518793,0,0,0,0,0,0,0,0
0,0,0,0.03675663404700036,0,0,0.599999122336504,0.001026253099780694,0.5,0.0017104226669543145,0.599999122336504,0.001026253099780694,0.5,-0.035046211380046044,0.299999561168252,0.000513126549890347,0.4,-0.03609340893124247,0,0,0,0,0,0,0,0
0,0,0,0.037000980142279705,0,0,0.599999122336504,0.001026253099780694,0.5,0.0017104226669543145,0.599999122336504,0.001026253099780694,0.5,-0.03529055747532539,0.299999561168252,0.000513126549890347,0.4,-0.036384644469113506,0,0,0,0,0,0,0,0
0,0,0,0.03721041965251903,0,0,0.599999122336504,0.001026253099780694,0.5,0.0017104226669543145,0.599999122336504,0.001026253099780694,0.5,-0.03549999698556472,0.299999561168252,0.000513126549890347,0.4,-0.03649732798670438,0,0,0,0,0,0,0,0
0,0,0,0.037384952577718344,0,0,0.599999122336504,0.001026253099780694,0.5,0.0017104226669543145,0.599999122336504,0.001026253099780694,0.5,-0.03567452991076403,0.299999561168252,0.000513126549890347,0.4,-0.03641199297498647,0,0,0,0,0,0,0,0
0,0,0,0.03775147172063731,0,0,0.599999122336504,0.001026253099780694,0.5,0.0017104226669543145,0.599999122336504,0.001026253099780694,0.5,-0.036041049053682994,0.299999561168252,0.000513126549890347,0.4,-0.036927788915583716,0,0,0,0,0,0,0,0
0,0,0,0.03792600464583662,0,0,0.599999122336504,0.001026253099780694,0.5,0.0017104226669543145,0.599999122336504,0.001026253099780694,0.5,-0.036215581978882305,0.299999561168252,0.000513126549890347,0.4,-0.03702111855672528,0,0,0,0,0,0,0,0
0,0,0,0.03810053757103615,0,0,0.599999122336504,0.001026253099780694,0.5,0.0017104226669543145,0.599999122336504,0.001026253099780694,0.5,-0.03639011490408184,0.299999561168252,0.000513126549890347,0.4,-0.037195651481925836,0,0,0,0,0,0,0,0
0,0,0,0.03830997708127537,0,0,0.599999122336504,0.001026253099780694,0.5,0.0017104226669543145,0.599999122336504,0.001026253099780694,0.5,-0.036599554414321056,0.299999561168252,0.000513126549890347,0.4,-0.03755155218813568,0,0,0,0,0,0,0,0
0,0,0,0.0385019632989948,0,0,0.599999122336504,0.001026253099780694,0.5,0.0017104226669543145,0.599999122336504,0.001026253099780694,0.5,-0.03679154063204049,0.299999561168252,0.000513126549890347,0.4,-0.03769147602760032,0,0,0,0,0,0,0,0
0,0,0,0.038659042931674326,0,0,0.599999122336504,0.001026253099780694,0.5,0.0017104226669543145,0.599999122336504,0.001026253099780694,0.5,-0.03694862026472001,0.299999561168252,0.000513126549890347,0.4,-0.03767360318477935,0,0,0,0,0,0,0,0
0,0,0,0.03888593573443344,0,0,0.599999122336504,0.001026253099780694,0.5,0.0017104226669543145,0.599999122336504,0.001026253099780694,0.5,-0.03717551306747913,0.299999561168252,0.000513126549890347,0.4,-0.03822271061867504,0,0,0,0,0,0,0,0
0,0,0,0.03897320219703326,0,0,0.599999122336504,0.001026253099780694,0.5,0.0017104226669543145,0.599999122336504,0.001026253099780694,0.5,-0.03726277953007895,0.299999561168252,0.000513126549890347,0.4,-0.037642198932686874,0,0,0,0,0,0,0,0
0,0,0,0.038955748904513365,0,0,0.599999122336504,0.001026253099780694,0.5,0.0017104226669543145,0.599999122336504,0.001026253099780694,0.5,-0.03724532623755905,0.299999561168252,0.000513126549890347,0.4,-0.0371594903727071,0,0,0,0,0,0,0,0
0,0,0,0.03907792195215287,0,0,0.599999122336504,0.001026253099780694,0.5,0.0017104226669543145,0.599999122336504,0.001026253099780694,0.5,-0.03736749928519856,0.299999561168252,0.000513126549890347,0.4,-0.03793137488968859,0,0,0,0,0,0,0,0
0,0,0,0.039147735122232685,0,0,0.599999122336504,0.001026253099780694,0.5,0.0017104226669543145,0.599999122336504,0.001026253099780694,0.5,-0.03743731245527837,0.299999561168252,0.000513126549890347,0.4,-0.037764561690027496,0,0,0,0,0,0,0,0
0,0,0,0.0392175482923125,0,0,0.599999122336504,0.001026253099780694,0.5,0.0017104226669543145,0.599999122336504,0.001026253099780694,0.5,-0.037507125625358184,0.299999561168252,0.000513126549890347,0.4,-0.037819721909297645,0,0,0,0,0,0,0,0
0,0,0,0.03926990816987242,0,0,0.599999122336504,0.001026253099780694,0.5,0.0017104226669543145,0.599999122336504,0.001026253099780694,0.5,-0.03755948550291811,0.299999561168252,0.000513126549890347,0.4,-0.03779393271587298,0,0,0,0,0,0,0,0
0,0,0,0.03946189438759163,0,0,0.599999122336504,0.001026253099780694,0.5,0.0017104226669543145,0.599999122336504,0.001026253099780694,0.5,-0.037751471720637315,0.299999561168252,0.000513126549890347,0.4,-0.038637561956264437,0,0,0,0,0,0,0,0
0,0,0,0.03963642731279105,0,0,0.599999122336504,0.001026253099780694,0.5,0.0017104226669543145,0.599999122336504,0.001026253099780694,0.5,-0.03792600464583674,0.299999561168252,0.000513126549890347,0.4,-0.03873154122368022,0,0,0,0,0,0,0,0
0,0,0,0.039723693775390874,0,0,0.599999122336504,0.001026253099780694,0.5,0.0017104226669543145,0.599999122336504,0.001026253099780694,0.5,-0.03801327110843656,0.299999561168252,0.000513126549890347,0.4,-0.038435528185532475,0,0,0,0,0,0,0,0
0,0,0,0.03982841353051037,0,0,0.599999122336504,0.001026253099780694,0.5,0.0017104226669543145,0.599999122336504,0.001026253099780694,0.5,-0.03811799086355606,0.299999561168252,0.000513126549890347,0.4,-0.03860131281026143,0,0,0,0,0,0,0,0
0,0,0,0.039898226700590185,0,0,0.599999122336504,0.001026253099780694,0.5,0.0017104226669543145,0.599999122336504,0.001026253099780694,0.5,-0.03818780403363587,0.299999561168252,0.000513126549890347,0.4,-0.038420514600568584,0,0,0,0,0,0,0,0
0,0,0,0.04005530633326971,0,0,0.599999122336504,0.001026253099780694,0.5,0.0017104226669543145,0.599999122336504,0.001026253099780694,0.5,-0.038344883666315395,0.299999561168252,0.000513126549890347,0.4,-0.03889928236989019,0,0,0,0,0,0,0,0
0,0,0,0.040194932673429336,0,0,0.599999122336504,0.001026253099780694,0.5,0.0017104226669543145,0.599999122336504,0.001026253099780694,0.5,-0.03848451000647502,0.299999561168252,0.000513126549890347,0.4,-0.03953170755767222,0,0,0,0,0,0,0,0
0,0,0,0.040491638646268376,0,0,0.599999122336504,0.001026253099780694,0.5,0.0017104226669543145,0.599999122336504,0.001026253099780694,0.5,-0.03878121597931406,0.299999561168252,0.000513126549890347,0.4,-0.03959783792290775,0,0,0,0,0,0,0,0
0,0,0,0.04057890510886809,0,0,0.599999122336504,0.001026253099780694,0.5,0.0017104226669543145,0.599999122336504,0.001026253099780694,0.5,-0.03886848244191377,0.299999561168252,0.000513126549890347,0.4,-0.03927125073083552,0,0,0,0,0,0,0,0
0,0,0,0.04064871827894779,0,0,0.599999122336504,0.001026253099780694,0.5,0.0017104226669543145,0.599999122336504,0.001026253099780694,0.5,-0.038938295611993474,0.299999561168252,0.000513126549890347,0.4,-0.03926051024313056,0,0,0,0,0,0,0,0
0,0,0,0.040858157789187007,0,0,0.599999122336504,0.001026253099780694,0.5,0.0017104226669543145,0.599999122336504,0.001026253099780694,0.5,-0.03914773512223269,0.299999561168252,0.000513126549890347,0.4,-0.04007173296152336,0,0,0,0,0,0,0,0
0,0,0,0.04092797095926693,0,0,0.599999122336504,0.001026253099780694,0.5,0.0017104226669543145,0.599999122336504,0.001026253099780694,0.5,-0.039217548292312616,0.299999561168252,0.000513126549890347,0.4,-0.039555353953989666,0,0,0,0,0,0,0,0
0,0,0,0.04103269071438654,0,0,0.599999122336504,0.001026253099780694,0.5,0.0017104226669543145,0.599999122336504,0.001026253099780694,0.5,-0.039322268047432225,0.299999561168252,0.000513126549890347,0.4,-0.03979116247334092,0,0,0,0,0,0,0,0
0,0,0,0.04120722363958607,0,0,0.599999122336504,0.001026253099780694,0.5,0.0017104226669543145,0.599999122336504,0.001026253099780694,0.5,-0.03949680097263176,0.299999561168252,0.000513126549890347,0.4,-0.04031492405950457,0,0,0,0,0,0,0,0
0,0,0,0.04141666314982529,0,0,0.599999122336504,0.001026253099780694,0.5,0.0017104226669543145,0.599999122336504,0.001026253099780694,0.5,-0.039706240482870976,0.299999561168252,0.000513126549890347,0.4,-0.040603838383896196,0,0,0,0,0,0,0,0
0,0,0,0.041573742782504815,0,0,0.599999122336504,0.001026253099780694,0.5,0.0017104226669543145,0.599999122336504,0.001026253099780694,0.5,-0.0398633201155505,0.299999561168252,0.000513126549890347,0.4,-0.04066203011222605,0,0,0,0,0,0,0,0
0,0,0,0.041748275707704126,0,0,0.599999122336504,0.001026253099780694,0.5,0.0017104226669543145,0.599999122336504,0.001026253099780694,0.5,-0.04003785304074981,0.299999561168252,0.000513126549890347,0.4,-0.04084338961859279,0,0,0,0,0,0,0,0
0,0,0,0.04192280863290366,0,0,0.599999122336504,0.001026253099780694,0.5,0.0017104226669543145,0.599999122336504,0.001026253099780694,0.5,-0.040212385965949345,0.299999561168252,0.000513126549890347,0.4,-0.04100571744412904,0,0,0,0,0,0,0,0
0,0,0,0.042097341558103185,0,0,0.599999122336504,0.001026253099780694,0.5,0.0017104226669543145,0.599999122336504,0.001026253099780694,0.5,-0.04038691889114887,0.299999561168252,0.000513126549890347,0.4,-0.04120504197802165,0,0,0,0,0,0,0,0
0,0,0,0.042306781068342514,0,0,0.599999122336504,0.001026253099780694,0.5,0.0017104226669543145,0.599999122336504,0.001026253099780694,0.5,-0.0405963584013882,0.299999561168252,0.000513126549890347,0.4,-0.04154835617520333,0,0,0,0,0,0,0,0
0,0,0,0.04246386070102193,0,0,0.599999122336504,0.001026253099780694,0.5,0.0017104226669543145,0.599999122336504,0.001026253099780694,0.5,-0.04075343803406761,0.299999561168252,0.000513126549890347,0.4,-0.04148974881225236,0,0,0,0,0,0,0,0
0,0,0,0.042690753503781265,0,0,0.599999122336504,0.001026253099780694,0.5,0.0017104226669543145,0.599999122336504,0.001026253099780694,0.5,-0.04098033083682695,0.299999561168252,0.000513126549890347,0.4,-0.04196682128360668,0,0,0,0,0,0,0,0
0,0,0,0.04291764630654038,0,0,0.599999122336504,0.001026253099780694,0.5,0.0017104226669543145,0.599999122336504,0.001026253099780694,0.5,-0.041207223639586066,0.299999561168252,0.000513126549890347,0.4,-0.042323089882663686,0,0,0,0,0,0,0,0
0,0,0,0.04319689898685952,0,0,0.599999122336504,0.001026253099780694,0.5,0.0017104226669543145,0.599999122336504,0.001026253099780694,0.5,-0.04148647631990521,0.299999561168252,0.000513126549890347,0.4,-0.042700618408249305,0,0,0,0,0,0,0,0
0,0,0,0.04342379178961875,0,0,0.599999122336504,0.001026253099780694,0.5,0.0017104226669543145,0.599999122336504,0.001026253099780694,0.5,-0.041713369122664434,0.299999561168252,0.000513126549890347,0.4,-0.042811237523112305,0,0,0,0,0,0,0,0
0,0,0,0.04363323129985819,0,0,0.599999122336504,0.001026253099780694,0.5,0.0017104226669543145,0.599999122336504,0.001026253099780694,0.5,-0.041922808632903874,0.299999561168252,0.000513126549890347,0.4,-0.04288945252631667,0,0,0,0,0,0,0,0
0,0,0,0.043877577395137424,0,0,0.599999122336504,0.001026253099780694,0.5,0.0017104226669543145,0.599999122336504,0.001026253099780694,0.5,-0.04216715472818311,0.299999561168252,0.000513126549890347,0.4,-0.043330707562846134,0,0,0,0,0,0,0,0
0,0,0,0.04408701690537664,0,0,0.599999122336504,0.001026253099780694,0.5,0.0017104226669543145,0.599999122336504,0.001026253099780694,0.5,-0.04237659423842233,0.299999561168252,0.000513126549890347,0.4,-0.043328592012236954,0,0,0,0,0,0,0,0
0,0,0,0.044244096538056166,0,0,0.599999122336504,0.001026253099780694,0.5,0.0017104226669543145,0.599999122336504,0.001026253099780694,0.5,-0.04253367387110185,0.299999561168252,0.000513126549890347,0.4,-0.04326998464928712,0,0,0,0,0,0,0,0
0,0,0,0.04441862946325548,0,0,0.599999122336504,0.001026253099780694,0.5,0.0017104226669543145,0.599999122336504,0.001026253099780694,0.5,-0.04270820679630116,0.299999561168252,0.000513126549890347,0.4,-0.04350153827447985,0,0,0,0,0,0,0,0
0,0,0,0.04468042885105472,0,0,0.599999122336504,0.001026253099780694,0.5,0.0017104226669543145,0.599999122336504,0.001026253099780694,0.5,-0.04297000618410041,0.299999561168252,0.000513126549890347,0.4,-0.044197190814409364,0,0,0,0,0,0,0,0
0,0,0,0.044854961776254254,0,0,0.599999122336504,0.001026253099780694,0.5,0.0017104226669543145,0.599999122336504,0.001026253099780694,0.5,-0.04314453910929994,0.299999561168252,0.000513126549890347,0.4,-0.043914537308709645,0,0,0,0,0,0,0,0
0,0,0,0.045029494701453565,0,0,0.599999122336504,0.001026253099780694,0.5,0.0017104226669543145,0.599999122336504,0.001026253099780694,0.5,-0.04331907203449925,0.299999561168252,0.000513126549890347,0.4,-0.044163586188689465,0,0,0,0,0,0,0,0
0,0,0,0.045221480919172996,0,0,0.599999122336504,0.001026253099780694,0.5,0.0017104226669543145,0.599999122336504,0.001026253099780694,0.5,-0.04351105825221868,0.299999561168252,0.000513126549890347,0.4,-0.0443837228782161,0,0,0,0,0,0,0,0
0,0,0,0.04537856055185241,0,0,0.599999122336504,0.001026253099780694,0.5,0.0017104226669543145,0.599999122336504,0.001026253099780694,0.5,-0.043668137884898095,0.299999561168252,0.000513126549890347,0.4,-0.044361136264366094,0,0,0,0,0,0,0,0
0,0,0,0.04557054676957184,0,0,0.599999122336504,0.001026253099780694,0.5,0.0017104226669543145,0.599999122336504,0.001026253099780694,0.5,-0.043860124102617526,0.299999561168252,0.000513126549890347,0.4,-0.044804318615991774,0,0,0,0,0,0,0,0
0,0,0,0.04577998627981117,0,0,0.599999122336504,0.001026253099780694,0.5,0.0017104226669543145,0.599999122336504,0.001026253099780694,0.5,-0.044069563612856855,0.299999561168252,0.000513126549890347,0.4,-0.044980170179114806,0,0,0,0,0,0,0,0
0,0,0,0.0459894257900505,0,0,0.599999122336504,0.001026253099780694,0.5,0.0017104226669543145,0.599999122336504,0.001026253099780694,0.5,-0.04427900312309618,0.299999561168252,0.000513126549890347,0.4,-0.045292420108125196,0,0,0,0,0,0,0,0
0,0,0,0.046111598837690004,0,0,0.599999122336504,0.001026253099780694,0.5,0.0017104226669543145,0.599999122336504,0.001026253099780694,0.5,-0.04440117617073569,0.299999561168252,0.000513126549890347,0.4,-0.04497386233154588,0,0,0,0,0,0,0,0
0,0,0,0.04625122517784963,0,0,0.599999122336504,0.001026253099780694,0.5,0.0017104226669543145,0.599999122336504,0.001026253099780694,0.5,-0.044540802510895317,0.299999561168252,0.000513126549890347,0.4,-0.04518523177317051,0,0,0,0,0,0,0,0
0,0,0,0.04635594493296936,0,0,0.599999122336504,0.001026253099780694,0.5,0.0017104226669543145,0.599999122336504,0.001026253099780694,0.5,-0.04464552226601504,0.299999561168252,0.000513126549890347,0.4,-0.045121521152922894,0,0,0,0,0,0,0,0
0,0,0,0.04673991736840811,0,0,0.599999122336504,0.001026253099780694,0.5,0.0017104226669543145,0.599999122336504,0.001026253099780694,0.5,-0.045029494701453794,0.299999561168252,0.000513126549890347,0.4,-0.04588276678020657,0,0,0,0,0,0,0,0
0,0,0,0.046862090416047504,0,0,0.599999122336504,0.001026253099780694,0.5,0.0017104226669543145,0.599999122336504,0.001026253099780694,0.5,-0.04515166774909319,0.299999561168252,0.000513126549890347,0.4,-0.04572435390990286,0,0,0,0,0,0,0,0
0,0,0,0.047071529926286944,0,0,0.599999122336504,0.001026253099780694,0.5,0.0017104226669543145,0.599999122336504,0.001026253099780694,0.5,-0.04536110725933263,0.299999561168252,0.000513126549890347,0.4,-0.04637452424436218,0,0,0,0,0,0,0,0
0,0,0,0.047246062851486366,0,0,0.599999122336504,0.001026253099780694,0.5,0.0017104226669543145,0.599999122336504,0.001026253099780694,0.5,-0.04553564018453205,0.299999561168252,0.000513126549890347,0.4,-0.04631713089438021,0,0,0,0,0,0,0,0
0,0,0,0.0475078622392855,0,0,0.599999122336504,0.001026253099780694,0.5,0.0017104226669543145,0.599999122336504,0.001026253099780694,0.5,-0.045797439572331185,0.299999561168252,0.000513126549890347,0.4,-0.04708497754511381,0,0,0,0,0,0,0,0
0,0,0,0.04778711491960464,0,0,0.599999122336504,0.001026253099780694,0.5,0.0017104226669543145,0.599999122336504,0.001026253099780694,0.5,-0.04607669225265033,0.299999561168252,0.000513126549890347,0.4,-0.04736555077720021,0,0,0,0,0,0,0,0
0,0,0,0.04818854064756329,0,0,0.599999122336504,0.001026253099780694,0.5,0.0017104226669543145,0.599999122336504,0.001026253099780694,0.5,-0.046478117980608975,0.299999561168252,0.000513126549890347,0.4,-0.046943089866275364,0,0,0,0,0,0,0,0
0,0,0,0.04845034003536242,0,0,0.599999122336504,0.001026253099780694,0.5,0.0017104226669543145,0.599999122336504,0.001026253099780694,0.5,-0.04673991736840811,0.299999561168252,0.000513126549890347,0.4,-0.12527973370814804,0,0,0,0,0,0,0,0
0,0,0,0.04860741966804195,0,0,0.599999122336504,0.001026253099780694,0.5,0.0017104226669543145,0.599999122336504,0.001026253099780694,0.5,-0.04689699700108763,0.299999561168252,0.000513126549890347,0.4,-0.05052191160138435,0,0,0,0,0,0,0,0
0,0,0,0.04876449930072147,0,0,0.599999122336504,0.001026253099780694,0.5,0.0017104226669543145,0.599999122336504,0.001026253099780694,0.5,-0.04705407663376716,0.299999561168252,0.000513126549890347,0.4,-0.04788081154260676,0,0,0,0,0,0,0,0
0,0,0,0.04892157893340089,0,0,0.599999122336504,0.001026253099780694,0.5,0.0017104226669543145,0.599999122336504,0.001026253099780694,0.5,-0.04721115626644658,0.299999561168252,0.000513126549890347,0.4,-0.04799655442984368,0,0,0,0,0,0,0,0
0,0,0,0.049148471736160236,0,0,0.599999122336504,0.001026253099780694,0.5,0.0017104226669543145,0.599999122336504,0.001026253099780694,0.5,-0.04743804906920592,0.299999561168252,0.000513126549890347,0.4,-0.04850160908214035,0,0,0,0,0,0,0,0
0,0,0,0.048659779545601765,0,0,0.599999122336504,0.001026253099780694,0.5,0.0017104226669543145,0.599999122336504,0.001026253099780694,0.5,-0.04694935687864745,0.299999561168252,0.000513126549890347,0.4,-0.0448246082240454,0,0,0,0,0,0,0,0
0,0,0,0.052621676947629,0,0,0.599999122336504,0.001026253099780694,0.5,0.0017104226669543145,0.599999122336504,0.001026253099780694,0.5,-0.05091125428067469,0.299999561168252,0.000513126549890347,0.4,-0.06614932121154868,0,0,0,0,0,0,0,0
0,0,0,0.056810467152415355,0,0,0.599999122336504,0.001026253099780694,0.5,0.0017104226669543145,0.599999122336504,0.001026253099780694,0.5,-0.05510004448546104,0.299999561168252,0.000513126549890347,0.4,-0.08023278571417916,0,0,0,0,0,0,0,0
0,0,0,0.07651523440743138,0,0,0.599999122336504,0.001026253099780694,0.5,0.0017104226669543145,0.599999122336504,0.001026253099780694,0.5,-0.07480481174047707,0.299999561168252,0.000513126549890347,0.4,-0.15578330730903608,0,0,0,0,0,0,0,0
0,0,0,0.09957103382627644,0,0,0.599999122336504,0.001026253099780694,0.5,0.0017104226669543145,0.599999122336504,0.001026253099780694,0.5,-0.09786061115932213,0.299999561168252,0.000513126549890347,0.4,-0.22361951708029518,0,0,0,0,0,0,0,0
0,0,0,0.10332349171806413,0,0,0.599999122336504,0.001026253099780694,0.5,0.0017104226669543145,0.599999122336504,0.001026253099780694,0.5,-0.10161306905110981,0.299999561168252,0.000513126549890347,0.4,-0.11893210547474528,0,0,0,0,0,0,0,0
0,0,0,0.12407545652427666,0,0,0.599999122336504,0.001026253099780694,0.5,0.0017104226669543145,0.599999122336504,0.001026253099780694,0.5,-0.12236503385732235,0.299999561168252,0.000513126549890347,0.4,-0.21814333296291868,0,0,0,0,0,0,0,0
0,0,0,0.10978120995044328,0,0,0.599999122336504,0.001026253099780694,0.5,0.0017104226669543145,0.599999122336504,0.001026253099780694,0.5,-0.10807078728348897,0.299999561168252,0.000513126549890347,0.4,-0.045921889136387326,0,0,0,0,0,0,0,0
0,0,0,0.051382493178713025,0,0,0.599999122336504,0.001026253099780694,0.5,0.0017104226669543145,0.599999122336504,0.001026253099780694,0.5,-0.04967207051175871,0.299999561168252,0.000513126549890347,0.4,0.237534733283636,0,0,0,0,0,0,0,0
0,0,0,0.01279326341711829,0,0,0.599999122336504,0.001026253099780694,0.5,0.0017104226669543145,0.599999122336504,0.001026253099780694,0.5,-0.011082840750163976,0.299999561168252,0.000513126549890347,0.4,0.16980417375731136,0,0,0,0,0,0,0,0
0,0,0,0.009180431865490009,0,0,0.599999122336504,0.001026253099780694,0.5,0.0017104226669543145,0.599999122336504,0.001026253099780694,0.5,-0.0074700091985356945,0.299999561168252,0.000513126549890347,0.4,0.008951952399774674,0,0,0,0,0,0,0,0
0,0,0,0.006073745796940096,0,0,0.599999122336504,0.001026253099780694,0.5,0.0017104226669543145,0.599999122336504,0.001026253099780694,0.5,-0.004363323129985781,0.299999561168252,0.000513126549890347,0.4,0.0099752279556292,0,0,0,0,0,0,0,0
0,0,0,-0.011554079648202646,0,0,0.599999122336504,0.001026253099780694,0.5,0.0017104226669543145,0.599999122336504,0.001026253099780694,0.5,0.01326450231515696,0.299999561168252,0.000513126549890347,0.4,0.09339098161126033,0,0,0,0,0,0,0,0
0,0,0,-0.08438666933392591,0,0,0.599999122336504,0.001026253099780694,0.5,0.0017104226669543145,0.599999122336504,0.001026253099780694,0.5,0.08609709200088023,0.299999561168252,0.000513126549890347,0.4,0.4329189476471815,0,0,0,0,0,0,0,0
0,0,0,-0.1707979206001652,0,0,0.599999122336504,0.001026253099780694,0.5,0.0017104226669543145,0.599999122336504,0.001026253099780694,0.5,0.1725083432671195,0.299999561168252,0.000513126549890347,0.4,0.559424393712967,0,0,0,0,0,0,0,0
0,0,0,-0.22350686401039402,0,0,0.599999122336504,0.001026253099780694,0.5,0.0017104226669543145,0.599999122336504,0.001026253099780694,0.5,0.22521728667734833,0.299999561168252,0.000513126549890347,0.4,0.46122748105150724,0,0,0,0,0,0,0,0
0,0,0,-0.25124014582458387,0,0,0.599999122336504,0.001026253099780694,0.5,0.0017104226669543145,0.599999122336504,0.001026253099780694,0.5,0.2529505684915382,0.299999561168252,0.000513126549890347,0.4,0.38714386759245684,0,0,0,0,0,0,0,0
0,0,0,-0.2971423051520347,0,0,0.599999122336504,0.001026253099780694,0.5,0.0017104226669543145,0.599999122336504,0.001026253099780694,0.5,0.29885272781898903,0.299999561168252,0.000513126549890347,0.4,0.5107088477918391,0,0,0,0,0,0,0,0
0,0,0,-0.3823318259418779,0,0,0.599999122336504,0.001026253099780694,0.5,0.0017104226669543145,0.599999122336504,0.001026253099780694,0.5,0.38404224860883224,0.299999561168252,0.000513126549890347,0.4,0.7491401948510173,0,0,0,0,0,0,0,0
0,0,0,-0.4492302961708205,0,0,0.599999122336504,0.001026253099780694,0.5,0.0017104226669543145,0.599999122336504,0.001026253099780694,0.5,0.4509407188377748,0.299999561168252,0.000513126549890347,0.4,0.7645272980359431,0,0,0,0,0,0,0,0
0,0,0,-0.4802098903937198,0,0,0.599999122336504,0.001026253099780694,0.5,0.0017104226669543145,0.599999122336504,0.001026253099780694,0.5,0.4819203130606741,0.299999561168252,0.000513126549890347,0.4,0.6271371609805146,0,0,0,0,0,0,0,0
0,0,0,-0.5232497097479001,0,0,0.599999122336504,0.001026253099780694,0.5,0.0017104226669543145,0.599999122336504,0.001026253099780694,0.5,0.5249601324148544,0.299999561168252,0.000513126549890347,0.4,0.7366313751403312,0,0,0,0,0,0,0,0
0,0,0,-0.5396732580091668,0,0,0.599999122336504,0.001026253099780694,0.5,0.0017104226669543145,0.599999122336504,0.001026253099780694,0.5,0.5413836806761211,0.299999561168252,0.000513126549890347,0.4,0.613840511240533,0,0,0,0,0,0,0,0
0,0,0,-0.5364967587705372,0,0,0.599999122336504,0.001026253099780694,0.5,0.0017104226669543145,0.599999122336504,0.001026253099780694,0.5,0.5382071814374915,0.299999561168252,0.000513126549890347,0.4,0.5228370238312191,0,0,0,0,0,0,0,0
0,0,0,-0.5291140160346011,0,0,0.599999122336504,0.001026253099780694,0.5,0.0017104226669543145,0.599999122336504,0.001026253099780694,0.5,0.5308244387015554,0.299999561168252,0.000513126549890347,0.4,0.49726651717457315,0,0,0,0,0,0,0,0
0,0,0,-0.5266880083743289,0,0,0.599999122336504,0.001026253099780694,0.5,0.0017104226669543145,0.599999122336504,0.001026253099780694,0.5,0.5283984310412833,0.299999561168252,0.000513126549890347,0.4,0.5172014726092581,0,0,0,0,0,0,0,0
0,0,0,-0.538364261070171,0,0,0.599999122336504,0.001026253099780694,0.5,0.0017104226669543145,0.599999122336504,0.001026253099780694,0.5,0.5400746837371253,0.299999561168252,0.000513126549890347,0.4,0.5939650807948579,0,0,0,0,0,0,0,0
0,0,0,-0.5438969547989931,0,0,0.599999122336504,0.001026253099780694,0.5,0.0017104226669543145,0.599999122336504,0.001026253099780694,0.5,0.5456073774659475,0.299999561168252,0.000513126549890347,0.4,0.5711428869835882,0,0,0,0,0,0,0,0
0,0,0,-0.5386086071654503,0,0,0.599999122336504,0.001026253099780694,0.5,0.0017104226669543145,0.599999122336504,0.001026253099780694,0.5,0.5403190298324047,0.299999561168252,0.000513126549890347,0.4,0.5155299003001728,0,0,0,0,0,0,0,0
0,0,0,-0.5213996607407863,0,0,0.599999122336504,0.001026253099780694,0.5,0.0017104226669543145,0.599999122336504,0.001026253099780694,0.5,0.5231100834077406,0.299999561168252,0.000513126549890347,0.4,0.4448875996592675,0,0,0,0,0,0,0,0
0,0,0,-0.5166872717604015,0,0,0.599999122336504,0.001026253099780694,0.5,0.0017104226669543145,0.599999122336504,0.001026253099780694,0.5,0.5183976944273558,0.299999561168252,0.000513126549890347,0.4,0.4963083710818024,0,0,0,0,0,0,0,0
0,0,0,-0.523930388156178,0,0,0.599999122336504,0.001026253099780694,0.5,0.0017104226669543145,0.599999122336504,0.001026253099780694,0.5,0.5256408108231323,0.299999561168252,0.000513126549890347,0.4,0.5571326212395517,0,0,0,0,0,0,0,0
0,0,0,-0.5219407128089045,0,0,0.599999122336504,0.001026253099780694,0.5,0.0017104226669543145,0.599999122336504,0.001026253099780694,0.5,0.5236511354758588,0.299999561168252,0.000513126549890347,0.4,0.5138658468827106,0,0,0,0,0,0,0,0
0,0,0,-0.5212949409856665,0,0,0.599999122336504,0.001026253099780694,0.5,0.0017104226669543145,0.599999122336504,0.001026253099780694,0.5,0.5230053636526208,0.299999561168252,0.000513126549890347,0.4,0.5200248783145993,0,0,0,0,0,0,0,0
0,0,0,-0.5208935152577079,0,0,0.599999122336504,0.001026253099780694,0.5,0.0017104226669543145,0.599999122336504,0.001026253099780694,0.5,0.5226039379246622,0.299999561168252,0.000513126549890347,0.4,0.5207512037956222,0,0,0,0,0,0,0,0
0,0,0,-0.5206666224549487,0,0,0.599999122336504,0.001026253099780694,0.5,0.0017104226669543145,0.599999122336504,0.001026253099780694,0.5,0.522377045121903,0.299999561168252,0.000513126549890347,0.4,0.5213457142002701,0,0,0,0,0,0,0,0
0,0,0,-0.5203873697746295,0,0,0.599999122336504,0.001026253099780694,0.5,0.0017104226669543145,0.599999122336504,0.001026253099780694,0.5,0.5220977924415838,0.299999561168252,0.000513126549890347,0.4,0.5208657953225287,0,0,0,0,0,0,0,0
0,0,0,-0.5200033973391908,0,0,0.599999122336504,0.001026253099780694,0.5,0.0017104226669543145,0.599999122336504,0.001026253099780694,0.5,0.5217138200061451,0.299999561168252,0.000513126549890347,0.4,0.5198853798373891,0,0,0,0,0,0,0,0
0,0,0,-0.5196543314887919,0,0,0.599999122336504,0.001026253099780694,0.5,0.0017104226669543145,0.599999122336504,0.001026253099780694,0.5,0.5213647541557462,0.299999561168252,0.000513126549890347,0.4,0.5196757258473648,0,0,0,0,0,0,0,0
0,0,0,-0.519340172223433,0,0,0.599999122336504,0.001026253099780694,0.5,0.0017104226669543145,0.599999122336504,0.001026253099780694,0.5,0.5210505948903873,0.299999561168252,0.000513126549890347,0.4,0.5196225982296648,0,0,0,0,0,0,0,0
0,0,0,-0.5189911063730341,0,0,0.599999122336504,0.001026253099780694,0.5,0.0017104226669543145,0.599999122336504,0.001026253099780694,0.5,0.5207015290399885,0.299999561168252,0.000513126549890347,0.4,0.5190652828662439,0,0,0,0,0,0,0,0
0,0,0,-0.518729306985235,0,0,0.599999122336504,0.001026253099780694,0.5,0.0017104226669543145,0.599999122336504,0.001026253099780694,0.5,0.5204397296521893,0.299999561168252,0.000513126549890347,0.4,0.5192497324349206,0,0,0,0,0,0,0,0
0,0,0,-0.5185547740600356,0,0,0.599999122336504,0.001026253099780694,0.5,0.0017104226669543145,0.599999122336504,0.001026253099780694,0.5,0.5202651967269899,0.299999561168252,0.000513126549890347,0.4,0.5194470736401176,0,0,0,0,0,0,0,0
0,0,0,-0.5182755213797166,0,0,0.599999122336504,0.001026253099780694,0.5,0.0017104226669543145,0.599999122336504,0.001026253099780694,0.5,0.5199859440466709,0.299999561168252,0.000513126549890347,0.4,0.5187166136815844,0,0,0,0,0,0,0,0
0,0,0,-0.5180486285769572,0,0,0.599999122336504,0.001026253099780694,0.5,0.0017104226669543145,0.599999122336504,0.001026253099780694,0.5,0.5197590512439115,0.299999561168252,0.000513126549890347,0.4,0.5187277203222782,0,0,0,0,0,0,0,0
0,0,0,-0.5178740956517578,0,0,0.599999122336504,0.001026253099780694,0.5,0.0017104226669543145,0.599999122336504,0.001026253099780694,0.5,0.5195845183187121,0.299999561168252,0.000513126549890347,0.4,0.5187534091510958,0,0,0,0,0,0,0,0
0,0,0,-0.5177170160190783,0,0,0.599999122336504,0.001026253099780694,0.5,0.0017104226669543145,0.599999122336504,0.001026253099780694,0.5,0.5194274386860326,0.299999561168252,0.000513126549890347,0.4,0.5187024557659733,0,0,0,0,0,0,0,0
0,0,0,-0.5175424830938788,0,0,0.599999122336504,0.001026253099780694,0.5,0.0017104226669543145,0.599999122336504,0.001026253099780694,0.5,0.5192529057608332,0.299999561168252,0.000513126549890347,0.4,0.5184473691829897,0,0,0,0,0,0,0,0
0,0,0,-0.5173679501686794,0,0,0.599999122336504,0.001026253099780694,0.5,0.0017104226669543145,0.599999122336504,0.001026253099780694,0.5,0.5190783728356337,0.299999561168252,0.000513126549890347,0.4,0.5182968821257856,0,0,0,0,0,0,0,0
0,0,0,-0.5171410573659201,0,0,0.599999122336504,0.001026253099780694,0.5,0.0017104226669543145,0.599999122336504,0.001026253099780694,0.5,0.5188514800328744,0.299999561168252,0.000513126549890347,0.4,0.5177710381149728,0,0,0,0,0,0,0,0
0,0,0,-0.5168443513930812,0,0,0.599999122336504,0.001026253099780694,0.5,0.0017104226669543145,0.599999122336504,0.001026253099780694,0.5,0.5185547740600355,0.299999561168252,0.000513126549890347,0.4,0.5171853618777019,0,0,0,0,0,0,0,0
0,0,0,-0.5166000052978019,0,0,0.599999122336504,0.001026253099780694,0.5,0.0017104226669543145,0.599999122336504,0.001026253099780694,0.5,0.5183104279647562,0.299999561168252,0.000513126549890347,0.4,0.5171826767557751,0,0,0,0,0,0,0,0
0,0,0,-0.5163032993249629,0,0,0.599999122336504,0.001026253099780694,0.5,0.0017104226669543145,0.599999122336504,0.001026253099780694,0.5,0.5180137219919172,0.299999561168252,0.000513126549890347,0.4,0.5166650584790125,0,0,0,0,0,0,0,0
0,0,0,-0.5160414999371638,0,0,0.599999122336504,0.001026253099780694,0.5,0.0017104226669543145,0.599999122336504,0.001026253099780694,0.5,0.5177519226041181,0.299999561168252,0.000513126549890347,0.4,0.5165247379738096,0,0,0,0,0,0,0,0
0,0,0,-0.5158320604269244,0,0,0.599999122336504,0.001026253099780694,0.5,0.0017104226669543145,0.599999122336504,0.001026253099780694,0.5,0.5175424830938787,0.299999561168252,0.000513126549890347,0.4,0.5165758392004665,0,0,0,0,0,0,0,0
0,0,0,-0.5155702610391253,0,0,0.599999122336504,0.001026253099780694,0.5,0.0017104226669543145,0.599999122336504,0.001026253099780694,0.5,0.5172806837060796,0.299999561168252,0.000513126549890347,0.4,0.5160723788393143,0,0,0,0,0,0,0,0
0,0,0,-0.5153084616513262,0,0,0.599999122336504,0.001026253099780694,0.5,0.0017104226669543145,0.599999122336504,0.001026253099780694,0.5,0.5170188843182805,0.299999561168252,0.000513126549890347,0.4,0.5158105794515152,0,0,0,0,0,0,0,0
0,0,0,-0.5150990221410869,0,0,0.599999122336504,0.001026253099780694,0.5,0.0017104226669543145,0.599999122336504,0.001026253099780694,0.5,0.5168094448080413,0.299999561168252,0.000513126549890347,0.4,0.5158428009146295,0,0,0,0,0,0,0,0
0,0,0,-0.5148546760458077,0,0,0.599999122336504,0.001026253099780694,0.5,0.0017104226669543145,0.599999122336504,0.001026253099780694,0.5,0.516565098712762,0.299999561168252,0.000513126549890347,0.4,0.5154373475037809,0,0,0,0,0,0,0,0
0,0,0,-0.5146801431206083,0,0,0.599999122336504,0.001026253099780694,0.5,0.0017104226669543145,0.599999122336504,0.001026253099780694,0.5,0.5163905657875626,0.299999561168252,0.000513126549890347,0.4,0.5156317269823477,0,0,0,0,0,0,0,0
0,0,0,-0.5144008904402892,0,0,0.599999122336504,0.001026253099780694,0.5,0.0017104226669543145,0.599999122336504,0.001026253099780694,0.5,0.5161113131072436,0.299999561168252,0.000513126549890347,0.4,0.514737939269609,0,0,0,0,0,0,0,0
0,0,0,-0.51417399763753,0,0,0.599999122336504,0.001026253099780694,0.5,0.0017104226669543145,0.599999122336504,0.001026253099780694,0.5,0.5158844203044843,0.299999561168252,0.000513126549890347,0.4,0.5148530893828515,0,0,0,0,0,0,0,0
0,0,0,-0.5140343712973704,0,0,0.599999122336504,0.001026253099780694,0.5,0.0017104226669543145,0.599999122336504,0.001026253099780694,0.5,0.5157447939643247,0.299999561168252,0.000513126549890347,0.4,0.5150799066302313,0,0,0,0,0,0,0,0
0,0,0,-0.5137900252020913,0,0,0.599999122336504,0.001026253099780694,0.5,0.0017104226669543145,0.599999122336504,0.001026253099780694,0.5,0.5155004478690456,0.299999561168252,0.000513126549890347,0.4,0.5144063608752585,0,0,0,0,0,0,0,0
0,0,0,-0.5135282258142921,0,0,0.599999122336504,0.001026253099780694,0.5,0.0017104226669543145,0.599999122336504,0.001026253099780694,0.5,0.5152386484812465,0.299999561168252,0.000513126549890347,0.4,0.513991984729822,0,0,0,0,0,0,0,0
0,0,0,-0.5133711461816126,0,0,0.599999122336504,0.001026253099780694,0.5,0.0017104226669543145,0.599999122336504,0.001026253099780694,0.5,0.5150815688485669,0.299999561168252,0.000513126549890347,0.4,0.5144615176669373,0,0,0,0,0,0,0,0
0,0,0,-0.5131966132564132,0,0,0.599999122336504,0.001026253099780694,0.5,0.0017104226669543145,0.599999122336504,0.001026253099780694,0.5,0.5149070359233675,0.299999561168252,0.000513126549890347,0.4,0.5139374085611484,0,0,0,0,0,0,0,0
0,0,0,-0.5129871737461738,0,0,0.599999122336504,0.001026253099780694,0.5,0.0017104226669543145,0.599999122336504,0.001026253099780694,0.5,0.5146975964131281,0.299999561168252,0.000513126549890347,0.4,0.5137309525197152,0,0,0,0,0,0,0,0
0,0,0,-0.5126904677733348,0,0,0.599999122336504,0.001026253099780694,0.5,0.0017104226669543145,0.599999122336504,0.001026253099780694,0.5,0.5144008904402891,0.299999561168252,0.000513126549890347,0.4,0.5130314782579556,0,0,0,0,0,0,0,0
0,0,0,-0.5124461216780556,0,0,0.599999122336504,0.001026253099780694,0.5,0.0017104226669543145,0.599999122336504,0.001026253099780694,0.5,0.5141565443450099,0.299999561168252,0.000513126549890347,0.4,0.513216751670859,0,0,0,0,0,0,0,0
0,0,0,-0.5122541354603362,0,0,0.599999122336504,0.001026253099780694,0.5,0.0017104226669543145,0.599999122336504,0.001026253099780694,0.5,0.5139645581272905,0.299999561168252,0.000513126549890347,0.4,0.5128569453327553,0,0,0,0,0,0,0,0
0,0,0,-0.5121319624126965,0,0,0.599999122336504,0.001026253099780694,0.5,0.0017104226669543145,0.599999122336504,0.001026253099780694,0.5,0.5138423850796509,0.299999561168252,0.000513126549890347,0.4,0.5133111979160003,0,0,0,0,0,0,0,0
0,0,0,-0.5120097893650569,0,0,0.599999122336504,0.001026253099780694,0.5,0.0017104226669543145,0.599999122336504,0.001026253099780694,0.5,0.5137202120320112,0.299999561168252,0.000513126549890347,0.4,0.5131563364275207,0,0,0,0,0,0,0,0
0,0,0,-0.5118527097323775,0,0,0.599999122336504,0.001026253099780694,0.5,0.0017104226669543145,0.599999122336504,0.001026253099780694,0.5,0.5135631323993318,0.299999561168252,0.000513126549890347,0.4,0.5127906096156626,0,0,0,0,0,0,0,0
0,0,0,-0.511730536684738,0,0,0.599999122336504,0.001026253099780694,0.5,0.0017104226669543145,0.599999122336504,0.001026253099780694,0.5,0.5134409593516923,0.299999561168252,0.000513126549890347,0.4,0.5129097721880422,0,0,0,0,0,0,0,0
0,0,0,-0.5115734570520585,0,0,0.599999122336504,0.001026253099780694,0.5,0.0017104226669543145,0.599999122336504,0.001026253099780694,0.5,0.5132838797190128,0.299999561168252,0.000513126549890347,0.4,0.512511356935343,0,0,0,0,0,0,0,0
0,0,0,-0.5113989241268591,0,0,0.599999122336504,0.001026253099780694,0.5,0.0017104226669543145,0.599999122336504,0.001026253099780694,0.5,0.5131093467938134,0.299999561168252,0.000513126549890347,0.4,0.5123505079885985,0,0,0,0,0,0,0,0
0,0,0,-0.5113116576642593,0,0,0.599999122336504,0.001026253099780694,0.5,0.0017104226669543145,0.599999122336504,0.001026253099780694,0.5,0.5130220803312137,0.299999561168252,0.000513126549890347,0.4,0.5125929010069528,0,0,0,0,0,0,0,0
0,0,0,-0.5110847648615,0,0,0.599999122336504,0.001026253099780694,0.5,0.0017104226669543145,0.599999122336504,0.001026253099780694,0.5,0.5127951875284543,0.299999561168252,0.000513126549890347,0.4,0.5117479899772573,0,0,0,0,0,0,0,0
0,0,0,-0.5109451385213405,0,0,0.599999122336504,0.001026253099780694,0.5,0.0017104226669543145,0.599999122336504,0.001026253099780694,0.5,0.5126555611882948,0.299999561168252,0.000513126549890347,0.4,0.5120111319260201,0,0,0,0,0,0,0,0
0,0,0,-0.510805512181181,0,0,0.599999122336504,0.001026253099780694,0.5,0.0017104226669543145,0.599999122336504,0.001026253099780694,0.5,0.5125159348481353,0.299999561168252,0.000513126549890347,0.4,0.5118907422802569,0,0,0,0,0,0,0,0
0,0,0,-0.5106484325485015,0,0,0.599999122336504,0.001026253099780694,0.5,0.0017104226669543145,0.599999122336504,0.001026253099780694,0.5,0.5123588552154558,0.299999561168252,0.000513126549890347,0.4,0.5116108569646008,0,0,0,0,0,0,0,0
0,0,0,-0.5104564463307821,0,0,0.599999122336504,0.001026253099780694,0.5,0.0017104226669543145,0.599999122336504,0.001026253099780694,0.5,0.5121668689977364,0.299999561168252,0.000513126549890347,0.4,0.5114644803963243,0,0,0,0,0,0,0,0
0,0,0,-0.5103168199906226,0,0,0.599999122336504,0.001026253099780694,0.5,0.0017104226669543145,0.599999122336504,0.001026253099780694,0.5,0.5120272426575769,0.299999561168252,0.000513126549890347,0.4,0.5112369048830891,0,0,0,0,0,0,0,0
0,0,0,-0.5100899271878633,0,0,0.599999122336504,0.001026253099780694,0.5,0.0017104226669543145,0.599999122336504,0.001026253099780694,0.5,0.5118003498548176,0.299999561168252,0.000513126549890347,0.4,0.5107367898418832,0,0,0,0,0,0,0,0
0,0,0,-0.5099852074327436,0,0,0.599999122336504,0.001026253099780694,0.5,0.0017104226669543145,0.599999122336504,0.001026253099780694,0.5,0.5116956300996979,0.299999561168252,0.000513126549890347,0.4,0.5111806149105845,0,0,0,0,0,0,0,0
0,0,0,-0.509863034385104,0,0,0.599999122336504,0.001026253099780694,0.5,0.0017104226669543145,0.599999122336504,0.001026253099780694,0.5,0.5115734570520584,0.299999561168252,0.000513126549890347,0.4,0.5110181250173333,0,0,0,0,0,0,0,0
0,0,0,-0.5097059547524245,0,0,0.599999122336504,0.001026253099780694,0.5,0.0017104226669543145,0.599999122336504,0.001026253099780694,0.5,0.5114163774193788,0.299999561168252,0.000513126549890347,0.4,0.5106800666411936,0,0,0,0,0,0,0,0
0,0,0,-0.509548875119745,0,0,0.599999122336504,0.001026253099780694,0.5,0.0017104226669543145,0.599999122336504,0.001026253099780694,0.5,0.5112592977866993,0.299999561168252,0.000513126549890347,0.4,0.51053431486664,0,0,0,0,0,0,0,0
0,0,0,-0.5093568889020256,0,0,0.599999122336504,0.001026253099780694,0.5,0.0017104226669543145,0.599999122336504,0.001026253099780694,0.5,0.5110673115689799,0.299999561168252,0.000513126549890347,0.4,0.5101946469429824,0,0,0,0,0,0,0,0
0,0,0,-0.5091998092693462,0,0,0.599999122336504,0.001026253099780694,0.5,0.0017104226669543145,0.599999122336504,0.001026253099780694,0.5,0.5109102319363005,0.299999561168252,0.000513126549890347,0.4,0.5101739211581158,0,0,0,0,0,0,0,0
0,0,0,-0.5090078230516267,0,0,0.599999122336504,0.001026253099780694,0.5,0.0017104226669543145,0.599999122336504,0.001026253099780694,0.5,0.510718245718581,0.299999561168252,0.000513126549890347,0.4,0.5098321554829529,0,0,0,0,0,0,0,0
0,0,0,-0.5087285703713077,0,0,0.599999122336504,0.001026253099780694,0.5,0.0017104226669543145,0.599999122336504,0.001026253099780694,0.5,0.510438993038262,0.299999561168252,0.000513126549890347,0.4,0.5091501345137126,0,0,0,0,0,0,0,0
0,0,0,-0.5084493176909886,0,0,0.599999122336504,0.001026253099780694,0.5,0.0017104226669543145,0.599999122336504,0.001026253099780694,0.5,0.5101597403579429,0.299999561168252,0.000513126549890347,0.4,0.508870881833393,0,0,0,0,0,0,0,0
0,0,0,-0.5082224248882293,0,0,0.599999122336504,0.001026253099780694,0.5,0.0017104226669543145,0.599999122336504,0.001026253099780694,0.5,0.5099328475551836,0.299999561168252,0.000513126549890347,0.4,0.5090488496223555,0,0,0,0,0,0,0,0
0,0,0,-0.5078384524527906,0,0,0.599999122336504,0.001026253099780694,0.5,0.0017104226669543145,0.599999122336504,0.001026253099780694,0.5,0.5095488751197449,0.299999561168252,0.000513126549890347,0.4,0.507415694922863,0,0,0,0,0,0,0,0
0,0,0,-0.5075242931874318,0,0,0.599999122336504,0.001026253099780694,0.5,0.0017104226669543145,0.599999122336504,0.001026253099780694,0.5,0.5092347158543861,0.299999561168252,0.000513126549890347,0.4,0.5080417059859348,0,0,0,0,0,0,0,0
0,0,0,-0.5072974003846724,0,0,0.599999122336504,0.001026253099780694,0.5,0.0017104226669543145,0.599999122336504,0.001026253099780694,0.5,0.5090078230516267,0.299999561168252,0.000513126549890347,0.4,0.5077473074807415,0,0,0,0,0,0,0,0
0,0,0,-0.5071403207519929,0,0,0.599999122336504,0.001026253099780694,0.5,0.0017104226669543145,0.599999122336504,0.001026253099780694,0.5,0.5088507434189472,0.299999561168252,0.000513126549890347,0.4,0.5080782206352774,0,0,0,0,0,0,0,0
0,0,0,-0.5069483345342736,0,0,0.599999122336504,0.001026253099780694,0.5,0.0017104226669543145,0.599999122336504,0.001026253099780694,0.5,0.5086587572012279,0.299999561168252,0.000513126549890347,0.4,0.5077726669656003,0,0,0,0,0,0,0,0
0,0,0,-0.506826161486634,0,0,0.599999122336504,0.001026253099780694,0.5,0.0017104226669543145,0.599999122336504,0.001026253099780694,0.5,0.5085365841535883,0.299999561168252,0.000513126549890347,0.4,0.5079975854140018,0,0,0,0,0,0,0,0
0,0,0,-0.5067039884389943,0,0,0.599999122336504,0.001026253099780694,0.5,0.0017104226669543145,0.599999122336504,0.001026253099780694,0.5,0.5084144111059486,0.299999561168252,0.000513126549890347,0.4,0.5078135600519833,0,0,0,0,0,0,0,0
0,0,0,-0.5065643620988348,0,0,0.599999122336504,0.001026253099780694,0.5,0.0017104226669543145,0.599999122336504,0.001026253099780694,0.5,0.5082747847657891,0.299999561168252,0.000513126549890347,0.4,0.5076587862062618,0,0,0,0,0,0,0,0
0,0,0,-0.5060931232007964,0,0,0.599999122336504,0.001026253099780694,0.5,0.0017104226669543145,0.599999122336504,0.001026253099780694,0.5,0.5078035458677507,0.299999561168252,0.000513126549890347,0.4,0.506699079700473,0,0,0,0,0,0,0,0
